t_rel target_x target_y target_z filtered_x filtered_y filtered_z raw_yaw filter_yaw center_x center_y center_r center_vx center_vy solve_ok time_cost dx_raw dy_raw dpos_raw dx_flt dy_flt dpos_flt dyaw mutation res_x res_y res_norm yaw_from_neg90 err_raw_x err_raw_y err_flt_x err_flt_y
0.000000 2.969840 -0.094751 0.194734 2.969840 -0.094751 0.194734 -1.407100 0.000000 0.000000 0.000000 0.000000 0.000000 0.000000 0 0.000000 0.000000 0.000000 0.000000 0.000000 0.000000 0.000000 0.000000 0 nan nan nan 0.163696 0.005181 -0.148250 0.005181 -0.148250
0.016667 2.923590 -0.077242 0.191683 2.923780 -0.077652 0.191686 -1.402840 0.167319 3.180440 -0.034302 0.260299 -0.007625 0.017072 1 0.182351 -0.046250 0.017509 0.049453 -0.046060 0.017099 0.049131 0.004260 0 -0.000214 0.000574 0.000613 0.167956 -0.041069 -0.130741 -0.040879 -0.131152
0.033333 2.916700 -0.061741 0.191975 2.919050 -0.066674 0.191923 -1.461490 0.137491 3.177020 -0.030980 0.260426 -0.100666 0.222867 1 0.093374 -0.006890 0.015500 0.016962 -0.004730 0.010978 0.011954 -0.058650 0 -0.001448 -0.002352 0.002762 0.109306 -0.047959 -0.115241 -0.045609 -0.120174
0.050000 2.875140 -0.045685 0.189768 2.889060 -0.051576 0.190206 -1.431050 0.137452 3.149360 -0.015570 0.262775 -0.737712 0.494057 1 0.091658 -0.041560 0.016057 0.044554 -0.029990 0.015098 0.033576 0.030440 0 -0.014007 0.006488 0.015436 0.139746 -0.089519 -0.099185 -0.075599 -0.105075
0.066667 2.808060 -0.029026 0.185524 2.808060 -0.029026 0.185524 -1.739730 0.137452 3.149360 -0.015570 0.000000 -0.737712 0.494057 0 0.091658 -0.067080 0.016659 0.069118 -0.081000 0.022550 0.084080 -0.308680 0 nan nan nan 0.168934 -0.156599 -0.082526 -0.156599 -0.082526
0.083333 2.837050 -0.014201 0.187625 2.837050 -0.014201 0.187625 -1.563260 0.137452 3.149360 -0.015570 0.000000 -0.737712 0.494057 0 0.091658 0.028990 0.014825 0.032561 0.028990 0.014825 0.032561 0.176470 0 nan nan nan 0.007536 -0.127609 -0.067701 -0.127609 -0.067701
0.100000 2.838740 0.001918 0.188225 2.838790 0.001818 0.188225 -1.539720 0.028899 3.098660 0.009330 0.259981 0.000162 0.002544 1 0.089919 0.001690 0.016119 0.016208 0.001740 0.016019 0.016113 0.023540 0 -0.000065 0.000666 0.000669 0.031076 -0.125919 -0.051582 -0.125869 -0.051682
0.116667 2.842250 0.017357 0.190407 2.841130 0.012131 0.190030 -1.542190 0.028556 3.100550 0.019541 0.259526 0.046883 0.220823 1 0.091379 0.003510 0.015439 0.015833 0.002340 0.010313 0.010575 -0.002470 0 0.001120 0.005239 0.005358 0.028606 -0.122409 -0.036143 -0.123529 -0.041369
0.133333 2.854030 0.033724 0.191441 2.850130 0.028159 0.191372 -1.610700 0.000831 3.109090 0.028374 0.258959 0.231961 0.461844 1 0.211317 0.011780 0.016367 0.020165 0.009000 0.016028 0.018382 -0.068510 0 0.003693 -0.004980 0.006200 0.039904 -0.110629 -0.019776 -0.114529 -0.025341
0.150000 2.866550 0.049279 0.192966 2.862240 0.044809 0.192870 -1.592520 -0.008902 3.121190 0.042503 0.258955 0.387902 0.610768 1 0.260078 0.012520 0.015555 0.019968 0.012110 0.016650 0.020588 0.018180 0 0.004254 0.001151 0.004407 0.021724 -0.098109 -0.004221 -0.102419 -0.008691
0.166667 2.883150 0.065440 0.194287 2.877780 0.061919 0.194253 -1.620210 -0.025292 3.136470 0.055375 0.258774 0.527296 0.674266 1 0.177771 0.016600 0.016161 0.023168 0.015540 0.017110 0.023114 -0.027690 0 0.005138 -0.002716 0.005812 0.049414 -0.081509 0.011940 -0.086879 0.008419
0.183333 2.896240 0.081113 0.196353 2.896240 0.081113 0.196353 -1.453320 -0.025292 3.136470 0.055375 0.000000 0.527296 0.674266 0 0.177771 0.013090 0.015673 0.020420 0.018460 0.019194 0.026630 0.166890 0 nan nan nan 0.117476 -0.068419 0.027613 -0.068419 0.027613
0.200000 2.927460 0.097855 0.198723 2.927420 0.097541 0.198720 -1.425680 0.142437 3.184380 0.134391 0.259586 0.002987 0.008359 1 0.198051 0.031220 0.016743 0.035426 0.031180 0.016429 0.035243 0.027640 0 -0.000062 0.001002 0.001004 0.145116 -0.037199 0.044356 -0.037239 0.044042
0.216667 2.959100 0.114851 0.201085 2.959100 0.114851 0.201085 -1.726250 0.142437 3.184380 0.134391 0.000000 0.002987 0.008359 0 0.198051 0.031640 0.016996 0.035916 0.031680 0.017310 0.036100 -0.300570 0 nan nan nan 0.155454 -0.005559 0.061351 -0.005559 0.061351
0.233333 2.971440 0.130460 0.203572 2.971550 0.130718 0.203570 -1.765490 -0.190995 3.226600 0.081405 0.259770 0.001061 -0.007355 1 0.205913 0.012340 0.015609 0.019898 0.012450 0.015867 0.020168 -0.039240 0 -0.000298 -0.001201 0.001238 0.194694 0.006781 0.076960 0.006891 0.077218
0.250000 2.949300 0.143310 0.203044 2.949300 0.143310 0.203044 -1.174590 -0.190995 3.226600 0.081405 0.000000 0.001061 -0.007355 0 0.205913 -0.022140 0.012850 0.025599 -0.022250 0.012592 0.025566 0.590900 0 nan nan nan 0.396206 -0.015359 0.089810 -0.015359 0.089810
0.266667 2.996320 0.161355 0.206484 2.996320 0.161355 0.206484 -1.875230 -0.190995 3.226600 0.081405 0.000000 0.001061 -0.007355 0 0.205913 0.047020 0.018045 0.050364 0.047020 0.018045 0.050364 -0.700640 0 nan nan nan 0.304434 0.031661 0.107855 0.031661 0.107855
0.283333 2.966320 0.172866 0.205510 2.966320 0.172866 0.205510 -1.047920 -0.190995 3.226600 0.081405 0.000000 0.001061 -0.007355 0 0.205913 -0.030000 0.011511 0.032133 -0.030000 0.011511 0.032133 0.827310 0 nan nan nan 0.522876 0.001661 0.119366 0.001661 0.119366
0.300000 3.026380 0.191354 0.210949 3.026380 0.191354 0.210949 -1.982170 -0.190995 3.226600 0.081405 0.000000 0.001061 -0.007355 0 0.205913 0.060060 0.018488 0.062841 0.060060 0.018488 0.062841 -0.934250 0 nan nan nan 0.411374 0.061721 0.137854 0.061721 0.137854
0.316667 3.040060 0.205818 0.213184 3.040350 0.206436 0.213182 -2.041430 -0.464859 3.271930 0.090296 0.259071 0.000723 -0.020462 1 0.185836 0.013680 0.014464 0.019909 0.013970 0.015082 0.020558 -0.059260 0 -0.000965 -0.001954 0.002179 0.470634 0.075401 0.152318 0.075691 0.152936
0.333333 3.090510 0.222758 0.216542 3.074180 0.217097 0.215961 -2.070430 -0.483334 3.303650 0.096657 0.259159 0.684585 0.214755 1 0.190886 0.050450 0.016940 0.053218 0.033830 0.010661 0.035470 -0.029000 0 0.014339 0.001936 0.014469 0.499634 0.125851 0.169258 0.109521 0.163597
0.350000 3.081280 0.234784 0.215779 3.083140 0.230596 0.216123 -2.135260 -0.516403 3.309040 0.102331 0.259775 0.594403 0.391913 1 0.186354 -0.009230 0.012026 0.015160 0.008960 0.013499 0.016202 -0.064830 0 -0.008282 -0.006517 0.010539 0.564464 0.116621 0.181284 0.118481 0.177096
0.366667 3.041490 0.243404 0.215116 3.060450 0.242502 0.215574 -2.218290 -0.565582 3.280560 0.102788 0.260706 -0.109166 0.371723 1 0.190657 -0.039790 0.008620 0.040713 -0.022690 0.011906 0.025624 -0.083030 0 -0.031131 -0.016639 0.035299 0.647494 0.076831 0.189904 0.095791 0.189002
0.383333 3.211210 0.268796 0.227207 3.154000 0.260838 0.224215 -2.210330 -0.599079 3.370550 0.112978 0.262218 1.339910 0.505164 1 0.192041 0.169720 0.025392 0.171609 0.093550 0.018336 0.095330 0.007960 1 0.051057 -0.000679 0.051061 0.639534 0.246551 0.215296 0.189341 0.207338
0.400000 3.263420 0.284495 0.232382 3.228760 0.278586 0.230757 -2.256090 -0.637842 3.440070 0.121969 0.263018 1.962830 0.545914 1 0.194300 0.052210 0.015699 0.054519 0.074760 0.017748 0.076838 -0.045760 0 0.026987 -0.003938 0.027273 0.685294 0.298761 0.230995 0.264101 0.225086
0.416667 3.401910 0.307318 0.244174 3.341930 0.298420 0.241103 -2.278160 -0.674013 3.549370 0.132712 0.265504 2.803330 0.595172 1 0.367323 0.138490 0.022823 0.140358 0.113170 0.019834 0.114895 -0.022070 1 0.054344 0.002073 0.054383 0.707364 0.437251 0.253818 0.377271 0.244920
0.433333 2.988080 -0.190709 0.135404 2.988080 -0.190709 0.135404 -0.962050 -0.674013 3.549370 0.132712 0.000000 2.803330 0.595172 0 0.367323 -0.413830 -0.498027 0.647523 -0.353850 -0.489129 0.603703 1.316110 1 nan nan nan 0.608746 0.023421 -0.244209 0.023421 -0.244209
0.450000 2.971530 -0.177512 0.135280 2.971810 -0.178635 0.135281 -1.008180 0.566175 3.189810 -0.040078 0.258306 -0.001154 0.029871 1 0.137016 -0.016550 0.013197 0.021168 -0.016270 0.012074 0.020261 -0.046130 0 0.000211 0.000346 0.000406 0.562616 0.006871 -0.231012 0.007151 -0.232135
0.466667 2.933830 -0.162437 0.133097 2.946350 -0.167526 0.133475 -1.050720 0.542288 3.169540 -0.033050 0.260564 -0.522432 0.245607 1 0.144982 -0.037700 0.015075 0.040602 -0.025460 0.011109 0.027778 -0.042540 0 -0.009597 0.000099 0.009598 0.520076 -0.030829 -0.215937 -0.018309 -0.221026
0.483333 2.925340 -0.149009 0.132452 2.929290 -0.153294 0.132447 -1.097960 0.513620 3.156730 -0.024991 0.261131 -0.694658 0.432491 1 0.213142 -0.008490 0.013428 0.015887 -0.017060 0.014232 0.022217 -0.047240 0 0.001090 -0.005095 0.005210 0.472836 -0.039319 -0.202509 -0.035369 -0.206794
0.500000 3.001400 -0.138976 0.134691 3.001400 -0.138976 0.134691 -1.205350 0.513620 3.156730 -0.024991 0.000000 -0.694658 0.432491 0 0.213142 0.076060 0.010033 0.076719 0.072110 0.014318 0.073518 -0.107390 0 nan nan nan 0.365446 0.036741 -0.192476 0.036741 -0.192476
0.516667 2.957990 -0.122734 0.133338 2.958240 -0.123489 0.133339 -1.233620 0.339257 3.203110 -0.037073 0.259673 -0.004104 0.019443 1 0.132099 -0.043410 0.016242 0.046349 -0.043160 0.015487 0.045854 -0.028270 0 -0.000069 0.000245 0.000255 0.337176 -0.006669 -0.176234 -0.006419 -0.176989
0.533333 2.931000 -0.107008 0.132234 2.939950 -0.112263 0.132425 -1.270790 0.318940 3.187870 -0.030396 0.261090 -0.375930 0.240398 1 0.137449 -0.026990 0.015726 0.031237 -0.018290 0.011226 0.021460 -0.037170 0 -0.007442 0.000547 0.007462 0.300006 -0.033659 -0.160508 -0.024709 -0.165763
0.550000 2.898380 -0.091120 0.130953 2.910020 -0.096684 0.131133 -1.287520 0.303735 3.160890 -0.018053 0.262902 -0.906896 0.490873 1 0.136270 -0.032620 0.015888 0.036284 -0.029930 0.015579 0.033742 -0.016730 0 -0.010086 0.000416 0.010095 0.283276 -0.066279 -0.144619 -0.054639 -0.150184
0.566667 2.903580 -0.075638 0.131084 2.903580 -0.075638 0.131084 -1.845450 0.303735 3.160890 -0.018053 0.000000 -0.906896 0.490873 0 0.136270 0.005200 0.015481 0.016331 -0.006440 0.021046 0.022009 -0.557930 0 nan nan nan 0.274654 -0.061079 -0.129138 -0.061079 -0.129138
0.583333 2.873940 -0.060059 0.130467 2.873940 -0.060059 0.130467 -1.364660 0.303735 3.160890 -0.018053 0.000000 -0.906896 0.490873 0 0.136270 -0.029640 0.015579 0.033485 -0.029640 0.015579 0.033485 0.480790 0 nan nan nan 0.206136 -0.090719 -0.113559 -0.090719 -0.113559
0.600000 2.896710 -0.045421 0.131389 2.896930 -0.045814 0.131389 -1.419350 0.156135 3.153290 -0.005460 0.259514 0.002481 0.010760 1 0.132060 0.022770 0.014638 0.027069 0.022990 0.014245 0.027045 -0.054690 0 -0.000036 -0.000809 0.000810 0.151446 -0.067949 -0.098921 -0.067729 -0.099314
0.616667 2.879460 -0.029423 0.131006 2.885320 -0.034561 0.131073 -1.464050 0.130733 3.144050 -0.000543 0.260954 -0.238858 0.226845 1 0.138000 -0.017250 0.015998 0.023526 -0.011610 0.011253 0.016169 -0.044700 0 -0.005121 -0.001077 0.005233 0.106746 -0.085199 -0.082923 -0.079339 -0.088061
0.633333 2.869310 -0.014153 0.129903 2.869310 -0.014153 0.129903 -1.574750 0.130733 3.144050 -0.000543 0.000000 -0.238858 0.226845 0 0.138000 -0.010150 0.015270 0.018336 -0.016010 0.020408 0.025939 -0.110700 0 nan nan nan 0.003954 -0.095349 -0.067653 -0.095349 -0.067653
0.650000 2.835840 0.001722 0.130153 2.836000 0.001646 0.130153 -1.557970 0.011275 3.096330 0.004581 0.260346 -0.003292 0.001767 1 0.233412 -0.033470 0.015875 0.037044 -0.033310 0.015799 0.036867 0.016780 0 -0.000165 0.000480 0.000507 0.012826 -0.128819 -0.051778 -0.128659 -0.051854
0.666667 2.853730 0.017337 0.130948 2.847930 0.012136 0.130811 -1.575090 0.003157 3.107300 0.012955 0.259374 0.239034 0.218490 1 0.139083 0.017890 0.015615 0.023746 0.011930 0.010490 0.015886 -0.017120 0 0.005802 0.003268 0.006659 0.004294 -0.110929 -0.036163 -0.116729 -0.041364
0.683333 2.856430 0.033334 0.132305 2.855030 0.027836 0.132092 -1.626390 -0.020830 3.114260 0.022436 0.259286 0.307667 0.458908 1 0.144806 0.002700 0.015997 0.016224 0.007100 0.015700 0.017231 -0.051300 0 0.001055 -0.003508 0.003664 0.055594 -0.108229 -0.020165 -0.109629 -0.025664
0.700000 2.859840 0.048811 0.132826 2.859940 0.044115 0.132840 -1.583750 -0.019407 3.119600 0.039075 0.259702 0.304547 0.630448 1 0.255458 0.003410 0.015477 0.015848 0.004910 0.016279 0.017003 0.042640 0 -0.000080 0.006372 0.006372 0.012954 -0.104819 -0.004689 -0.104719 -0.009385
0.716667 2.881630 0.064756 0.134671 2.875450 0.061330 0.134389 -1.639130 -0.038137 3.134550 0.051444 0.259287 0.464036 0.685168 1 0.135967 0.021790 0.015945 0.027001 0.015510 0.017215 0.023171 -0.055380 0 0.005762 -0.004392 0.007245 0.068334 -0.083029 0.011256 -0.089209 0.007830
0.733333 2.901530 0.080779 0.136647 2.894230 0.078192 0.136275 -1.665490 -0.060714 3.152800 0.062474 0.259048 0.602597 0.693995 1 0.153622 0.019900 0.016023 0.025549 0.018780 0.016863 0.025240 -0.026360 0 0.006617 -0.006189 0.009060 0.094694 -0.063129 0.027279 -0.070429 0.024693
0.750000 2.903100 0.096200 0.137216 2.903860 0.094671 0.137286 -1.714150 -0.093887 3.161870 0.070376 0.259155 0.591197 0.661703 1 0.136618 0.001570 0.015421 0.015501 0.009630 0.016479 0.019086 -0.048660 0 -0.002273 -0.011200 0.011428 0.143354 -0.061559 0.042700 -0.060799 0.041172
0.766667 2.927210 0.112435 0.138934 2.921580 0.111057 0.138773 -1.750060 -0.129982 3.178550 0.077466 0.259156 0.655642 0.626731 1 0.139192 0.024110 0.016235 0.029067 0.017720 0.016386 0.024135 -0.035910 0 0.003663 -0.011240 0.011822 0.179264 -0.037449 0.058935 -0.043079 0.057557
0.783333 2.912030 0.126496 0.140858 2.922260 0.126878 0.140567 -1.834350 -0.184470 3.176790 0.079386 0.258920 0.552515 0.553925 1 0.148546 -0.015180 0.014061 0.020692 0.000680 0.015821 0.015836 -0.084290 0 -0.014780 -0.020342 0.025145 0.263554 -0.052629 0.072996 -0.042399 0.073378
0.800000 2.906980 0.141455 0.138861 2.919710 0.142253 0.139853 -1.895910 -0.243642 3.170190 0.079989 0.258102 0.440684 0.485824 1 0.290892 -0.005050 0.014959 0.015788 -0.002550 0.015375 0.015585 -0.061560 0 -0.018629 -0.020976 0.028054 0.325114 -0.057679 0.087955 -0.044949 0.088753
0.816667 2.931640 0.156647 0.141893 2.930770 0.157040 0.141554 -1.929680 -0.296574 3.177160 0.081746 0.257638 0.440461 0.439702 1 0.150684 0.024660 0.015192 0.028964 0.011060 0.014787 0.018466 -0.033770 0 -0.004296 -0.015589 0.016170 0.358884 -0.033019 0.103147 -0.033889 0.103540
0.833333 2.911060 0.169547 0.141269 2.925990 0.171157 0.141745 -1.999390 -0.356183 3.165410 0.082080 0.255453 0.333681 0.392356 1 0.173489 -0.020580 0.012900 0.024289 -0.004780 0.014117 0.014904 -0.069710 0 -0.022002 -0.018698 0.028874 0.428594 -0.053599 0.116047 -0.038669 0.117657
0.850000 2.919570 0.183161 0.142858 2.927530 0.184716 0.142825 -2.051150 -0.414971 3.159470 0.082533 0.253452 0.276687 0.354104 1 0.192997 0.008510 0.013614 0.016055 0.001540 0.013559 0.013646 -0.051760 0 -0.015131 -0.016490 0.022380 0.480354 -0.045089 0.129661 -0.037129 0.131216
0.866667 2.920130 0.196047 0.144032 2.928410 0.197698 0.143968 -2.098450 -0.471253 3.152210 0.083663 0.251177 0.222327 0.325892 1 0.187814 0.000560 0.012886 0.012898 0.000880 0.012982 0.013012 -0.047300 0 -0.015065 -0.014086 0.020624 0.527654 -0.044529 0.142547 -0.036249 0.144198
0.883333 2.968240 0.212011 0.146964 2.952450 0.211225 0.146278 -2.130400 -0.521799 3.171940 0.085026 0.253189 0.294731 0.304703 1 0.173122 0.048110 0.015964 0.050689 0.024040 0.013527 0.027584 -0.031950 0 0.010869 -0.007420 0.013160 0.559604 0.003581 0.158511 -0.012209 0.157725
0.900000 2.953070 0.222865 0.147023 2.958070 0.223950 0.147161 -2.190370 -0.575171 3.169090 0.087147 0.251487 0.263571 0.288980 1 0.187947 -0.015170 0.010854 0.018653 0.005620 0.012725 0.013911 -0.059970 0 -0.011278 -0.010317 0.015285 0.619574 -0.011589 0.169365 -0.006589 0.170450
0.916667 2.989570 0.237311 0.149629 2.978650 0.236734 0.149153 -2.229390 -0.625583 3.183730 0.088593 0.252986 0.304853 0.273629 1 0.191217 0.036500 0.014446 0.039255 0.020580 0.012784 0.024227 -0.039020 0 0.005915 -0.006110 0.008504 0.658594 0.024911 0.183811 0.013991 0.183234
0.933333 2.958250 0.245410 0.150371 2.974970 0.248186 0.150359 -2.298770 -0.681100 3.168080 0.091673 0.248572 0.228017 0.264715 1 0.196820 -0.031320 0.008099 0.032350 -0.003680 0.011452 0.012029 -0.069380 0 -0.024265 -0.011653 0.026918 0.727974 -0.006409 0.191910 0.010311 0.194686
0.950000 3.010890 0.260117 0.153667 2.997770 0.259800 0.152914 -2.334180 -0.732743 3.184280 0.091961 0.250914 0.272788 0.248426 1 0.194970 0.052640 0.014707 0.054656 0.022800 0.011614 0.025588 -0.035410 0 0.007896 -0.005318 0.009520 0.763384 0.046231 0.206617 0.033111 0.206300
0.966667 3.035110 0.272282 0.154858 3.021680 0.271323 0.154622 -2.373300 -0.781083 3.201890 0.092660 0.253766 0.317771 0.236044 1 0.186954 0.024220 0.012165 0.027103 0.023910 0.011523 0.026542 -0.039120 0 0.009564 -0.002861 0.009983 0.802504 0.070451 0.218782 0.057021 0.217823
0.983333 3.113360 0.288816 0.159528 3.071510 0.283772 0.158245 -2.403830 -0.826252 3.250480 0.089551 0.264103 0.461284 0.214843 1 0.184816 0.078250 0.016534 0.079978 0.049830 0.012449 0.051362 -0.030530 0 0.040525 0.003835 0.040706 0.833034 0.148701 0.235316 0.106851 0.230272
1.000000 3.027180 -0.180679 0.199009 3.027180 -0.180679 0.199009 -1.076710 -0.826252 3.250480 0.089551 0.000000 0.461284 0.214843 0 0.184816 -0.086180 -0.469495 0.477339 -0.044330 -0.464451 0.466562 1.327120 1 nan nan nan 0.494086 0.062521 -0.234179 0.062521 -0.234179
1.016667 2.975100 -0.164282 0.196751 2.975340 -0.165309 0.196754 -1.092540 0.479083 3.205340 -0.045834 0.259185 -0.005064 0.025763 1 0.183860 -0.052080 0.016397 0.054600 -0.051840 0.015370 0.054071 -0.015830 0 -0.000136 0.000837 0.000848 0.478256 0.010441 -0.217782 0.010681 -0.218809
1.033333 3.001650 -0.152247 0.197834 2.993110 -0.155852 0.197646 -1.177050 0.435549 3.226940 -0.047038 0.257909 0.362205 0.177970 1 0.179737 0.026550 0.012035 0.029150 0.017770 0.009457 0.020130 -0.084510 0 0.012883 -0.006262 0.014325 0.393746 0.036991 -0.205747 0.028451 -0.209352
1.050000 2.984220 -0.136962 0.197689 2.989130 -0.141484 0.197780 -1.230490 0.396382 3.228040 -0.041490 0.258995 0.152153 0.373698 1 0.186107 -0.017430 0.015285 0.023183 -0.003980 0.014368 0.014909 -0.053440 0 0.000322 -0.009026 0.009032 0.340306 0.019561 -0.190462 0.024471 -0.194984
1.066667 3.008860 -0.123883 0.198054 3.002820 -0.126299 0.198070 -1.317340 0.341686 3.246040 -0.039798 0.258152 0.403928 0.400556 1 0.183361 0.024640 0.013079 0.027896 0.013690 0.015185 0.020445 -0.086850 0 0.012724 -0.019353 0.023161 0.253456 0.044201 -0.177383 0.038161 -0.179799
1.083333 2.959800 -0.107378 0.196149 2.978380 -0.110635 0.196750 -1.338680 0.296811 3.227640 -0.034398 0.260665 -0.042496 0.420147 1 0.184860 -0.049060 0.016505 0.051762 -0.024440 0.015664 0.029029 -0.021340 0 -0.014166 -0.013017 0.019238 0.232116 -0.004859 -0.160878 0.013721 -0.164135
1.100000 2.969540 -0.092038 0.198356 2.969540 -0.092038 0.198356 -1.428010 0.296811 3.227640 -0.034398 0.000000 -0.042496 0.420147 0 0.184860 0.009740 0.015340 0.018171 -0.008840 0.018597 0.020591 -0.089330 0 nan nan nan 0.142786 0.004881 -0.145538 0.004881 -0.145538
1.116667 2.903340 -0.074776 0.192914 2.903600 -0.075135 0.192920 -1.430590 0.140204 3.161590 -0.038726 0.260543 -0.006517 0.009013 1 0.190146 -0.066200 0.017261 0.068413 -0.065940 0.016902 0.068072 -0.002580 0 -0.000264 0.000360 0.000446 0.140206 -0.061319 -0.128276 -0.061059 -0.128635
1.133333 2.886200 -0.059576 0.192373 2.891860 -0.064781 0.192466 -1.433440 0.138498 3.150580 -0.028718 0.261222 -0.242990 0.226427 1 0.185538 -0.017140 0.015200 0.022909 -0.011740 0.010355 0.015654 -0.002850 0 -0.005618 0.004909 0.007461 0.137356 -0.078459 -0.113076 -0.072799 -0.118281
1.150000 2.858010 -0.043326 0.191115 2.867860 -0.048857 0.191322 -1.492630 0.113881 3.128610 -0.019034 0.262450 -0.689359 0.470124 1 0.178271 -0.028190 0.016250 0.032538 -0.024000 0.015924 0.028802 -0.059190 0 -0.008951 -0.003798 0.009724 0.078166 -0.106649 -0.096826 -0.096799 -0.102357
1.166667 2.875420 -0.027716 0.193430 2.875420 -0.027716 0.193430 -1.599550 0.113881 3.128610 -0.019034 0.000000 -0.689359 0.470124 0 0.178271 0.017410 0.015609 0.023383 0.007560 0.021141 0.022452 -0.106920 0 nan nan nan 0.028754 -0.089239 -0.081216 -0.089239 -0.081216
1.183333 2.856020 -0.011525 0.191939 2.856100 -0.011525 0.191940 -1.603820 -0.032638 3.116160 -0.020016 0.260201 -0.001911 0.000023 1 0.187672 -0.019400 0.016192 0.025269 -0.019320 0.016191 0.025208 -0.004270 0 -0.000081 -0.000100 0.000129 0.033024 -0.108639 -0.065024 -0.108559 -0.065025
1.200000 2.871360 0.003624 0.192934 2.866380 -0.001425 0.192761 -1.615980 -0.039261 3.125800 -0.011615 0.259622 0.206212 0.210576 1 0.186918 0.015340 0.015149 0.021559 0.010280 0.010100 0.014412 -0.012160 0 0.004917 0.003512 0.006043 0.045184 -0.093299 -0.049876 -0.098279 -0.054924
1.216667 2.854640 0.019637 0.193543 2.859640 0.013846 0.193485 -1.629580 -0.047550 3.119780 0.001467 0.260430 -0.022927 0.472935 1 0.185789 -0.016720 0.016012 0.023151 -0.006740 0.015270 0.016692 -0.013600 0 -0.005160 0.002869 0.005904 0.058784 -0.110019 -0.033863 -0.105019 -0.039654
1.233333 2.872570 0.035163 0.194435 2.867970 0.030363 0.194351 -1.614150 -0.046864 3.127790 0.018178 0.260112 0.142478 0.645800 1 0.190255 0.017930 0.015526 0.023718 0.008330 0.016517 0.018499 0.015430 0 0.004648 0.005712 0.007364 0.043354 -0.092089 -0.018337 -0.096689 -0.023136
1.250000 2.858810 0.051183 0.193186 2.863170 0.047615 0.193680 -1.653180 -0.060240 3.123100 0.031938 0.260405 0.029370 0.712727 1 0.180651 -0.013760 0.016020 0.021118 -0.004800 0.017252 0.017907 -0.039030 0 -0.004768 -0.002184 0.005245 0.082384 -0.105849 -0.002317 -0.101489 -0.005884
1.266667 2.859040 0.066420 0.195007 2.861060 0.064328 0.194716 -1.701670 -0.086917 3.120640 0.041709 0.260563 -0.009743 0.702160 1 0.184799 0.000230 0.015237 0.015239 -0.002110 0.016713 0.016845 -0.048490 0 -0.003265 -0.009293 0.009850 0.130874 -0.105619 0.012920 -0.103599 0.010828
1.283333 2.906150 0.083263 0.198789 2.886890 0.080621 0.197685 -1.678750 -0.097876 3.145860 0.055193 0.260216 0.270804 0.725330 1 0.196909 0.047110 0.016843 0.050030 0.025830 0.016293 0.030539 0.022920 0 0.018991 0.000034 0.018991 0.107954 -0.058509 0.029763 -0.077769 0.027121
1.300000 2.898540 0.098399 0.198976 2.895650 0.097144 0.198857 -1.750150 -0.130549 3.153590 0.063278 0.260152 0.301758 0.689693 1 0.189041 -0.007610 0.015136 0.016941 0.008760 0.016523 0.018702 -0.071400 0 0.000929 -0.011288 0.011326 0.179354 -0.066119 0.044900 -0.069009 0.043645
1.316667 2.932800 0.115300 0.200930 2.918440 0.113753 0.200565 -1.778590 -0.163603 3.175120 0.071381 0.260150 0.438254 0.661343 1 0.181482 0.034260 0.016901 0.038202 0.022790 0.016609 0.028200 -0.028440 0 0.012234 -0.009750 0.015644 0.207794 -0.031859 0.061800 -0.046219 0.060253
1.333333 2.920990 0.129263 0.201745 2.923960 0.129575 0.201704 -1.843070 -0.208652 3.178220 0.075739 0.259901 0.408679 0.608721 1 0.190367 -0.011810 0.013963 0.018288 0.005520 0.015822 0.016757 -0.064480 0 -0.006903 -0.016369 0.017765 0.272274 -0.043669 0.075763 -0.040699 0.076075
1.350000 2.975370 0.147243 0.204455 2.954700 0.145726 0.203886 -1.851220 -0.243330 3.207660 0.082929 0.260638 0.555522 0.587528 1 0.173357 0.054380 0.017980 0.057275 0.030740 0.016151 0.034725 -0.008150 0 0.018167 -0.007821 0.019779 0.280424 0.010711 0.093743 -0.009959 0.092226
1.366667 2.982120 0.161774 0.206511 2.974260 0.161462 0.206020 -1.904100 -0.284834 3.224430 0.088213 0.260676 0.600934 0.557298 1 0.191140 0.006750 0.014531 0.016022 0.019560 0.015736 0.025104 -0.052880 0 0.004020 -0.011723 0.012393 0.333304 0.017461 0.108274 0.009601 0.107962
1.383333 3.027820 0.178017 0.212345 3.007460 0.177051 0.210607 -1.933320 -0.323777 3.255510 0.093806 0.261653 0.715167 0.534871 1 0.179037 0.045700 0.016243 0.048501 0.033200 0.015589 0.036678 -0.029220 0 0.016957 -0.008581 0.019004 0.362524 0.063161 0.124517 0.042801 0.123551
1.400000 3.019300 0.191833 0.211123 3.021020 0.192692 0.211496 -2.016920 -0.377744 3.263380 0.096526 0.260738 0.697002 0.498750 1 0.178702 -0.008520 0.013816 0.016232 0.013560 0.015641 0.020701 -0.083600 0 -0.008861 -0.017194 0.019343 0.446124 0.054641 0.138333 0.056361 0.139192
1.416667 3.064150 0.207820 0.215922 3.050240 0.207927 0.214910 -2.057010 -0.429167 3.288060 0.099100 0.261533 0.758127 0.468427 1 0.178076 0.044850 0.015987 0.047614 0.029220 0.015235 0.032953 -0.040090 0 0.007314 -0.013490 0.015345 0.486214 0.099491 0.154320 0.085581 0.154427
1.433333 3.123920 0.224616 0.222024 3.095000 0.223150 0.220118 -2.082610 -0.474091 3.330920 0.102093 0.265168 0.886934 0.446041 1 0.187975 0.059770 0.016796 0.062085 0.044760 0.015223 0.047278 -0.025600 0 0.024189 -0.007345 0.025279 0.511814 0.159261 0.171116 0.130341 0.169650
1.450000 3.097250 0.235567 0.219860 3.106220 0.237484 0.220641 -2.157760 -0.527728 3.333090 0.105248 0.262596 0.838320 0.424526 1 0.185597 -0.026670 0.010951 0.028831 0.011220 0.014334 0.018203 -0.075150 0 -0.017196 -0.015116 0.022895 0.586964 0.132591 0.182067 0.141561 0.183984
1.466667 3.104500 0.248408 0.220002 3.115360 0.250886 0.220883 -2.204090 -0.579899 3.332200 0.108850 0.259219 0.784292 0.407360 1 0.241123 0.007250 0.012841 0.014746 0.009140 0.013402 0.016222 -0.046330 0 -0.018748 -0.013849 0.023308 0.633294 0.139841 0.194908 0.150701 0.197386
1.483333 3.172970 0.264923 0.227382 3.152870 0.264553 0.225692 -2.238150 -0.628932 3.365130 0.110139 0.262482 0.856103 0.385880 1 0.183020 0.068470 0.016515 0.070434 0.037510 0.013667 0.039922 -0.034060 0 0.014010 -0.007669 0.015971 0.667354 0.208311 0.211423 0.188211 0.211053
1.500000 3.221670 0.280143 0.230136 3.196550 0.278606 0.229248 -2.285990 -0.678770 3.404600 0.110787 0.267298 0.942981 0.365204 1 0.184300 0.048700 0.015220 0.051023 0.043680 0.014053 0.045885 -0.047840 0 0.018871 -0.005928 0.019780 0.715194 0.257011 0.226643 0.231891 0.225106
1.516667 3.105550 -0.207595 0.142822 3.105550 -0.207595 0.142822 -0.959631 -0.678770 3.404600 0.110787 0.000000 0.942981 0.365204 0 0.184300 -0.116120 -0.487738 0.501370 -0.091000 -0.486201 0.494644 1.326359 1 nan nan nan 0.611165 0.140891 -0.261095 0.140891 -0.261095
1.533333 3.041850 -0.191184 0.139747 3.042170 -0.192397 0.139750 -0.985020 0.587384 3.257490 -0.049044 0.258673 -0.006087 0.030713 1 0.184924 -0.063700 0.016411 0.065780 -0.063380 0.015198 0.065177 -0.025389 0 -0.000092 0.000867 0.000872 0.585776 0.077191 -0.244684 0.077511 -0.245897
1.550000 3.061620 -0.179975 0.140337 3.055220 -0.183493 0.140235 -1.045070 0.555902 3.274090 -0.047524 0.257658 0.266498 0.178830 1 0.187460 0.019770 0.011209 0.022727 0.013050 0.008904 0.015798 -0.060050 0 0.010394 -0.003147 0.010860 0.525726 0.096961 -0.233475 0.090561 -0.236993
1.566667 3.074240 -0.167582 0.140937 3.069280 -0.170998 0.140856 -1.117090 0.514427 3.292860 -0.044634 0.256818 0.512272 0.320938 1 0.284729 0.012620 0.012393 0.017688 0.014060 0.012495 0.018810 -0.072020 0 0.012215 -0.010385 0.016033 0.453706 0.109581 -0.221082 0.104621 -0.224498
1.583333 3.022360 -0.151339 0.138928 3.041430 -0.155541 0.139480 -1.156890 0.474801 3.272490 -0.036769 0.259804 -0.140691 0.433677 1 0.191732 -0.051880 0.016243 0.054363 -0.027850 0.015457 0.031852 -0.039800 0 -0.012265 -0.010080 0.015875 0.413906 0.057701 -0.204839 0.076771 -0.209041
1.600000 2.998150 -0.136262 0.137012 3.013270 -0.139695 0.137625 -1.197790 0.433517 3.250700 -0.029795 0.261627 -0.493550 0.465262 1 0.189915 -0.024210 0.015077 0.028521 -0.028160 0.015846 0.032312 -0.040900 0 -0.008914 -0.011126 0.014256 0.373006 0.033491 -0.189762 0.048611 -0.193195
1.616667 2.997160 -0.122016 0.136419 2.999890 -0.124137 0.136592 -1.253560 0.385077 3.242560 -0.025782 0.261840 -0.507170 0.437917 1 0.185562 -0.000990 0.014246 0.014280 -0.013380 0.015558 0.020520 -0.055770 0 0.003374 -0.014555 0.014941 0.317236 0.032501 -0.175516 0.035231 -0.177637
1.633333 2.954320 -0.105838 0.135730 2.969770 -0.108588 0.135779 -1.286030 0.339495 3.217950 -0.020938 0.263204 -0.698782 0.419291 1 0.183168 -0.042840 0.016178 0.045793 -0.030120 0.015549 0.033897 -0.032470 0 -0.011026 -0.010957 0.015545 0.284766 -0.010339 -0.159338 0.005111 -0.162088
1.650000 2.993450 -0.092387 0.136056 2.993450 -0.092387 0.136056 -1.381820 0.339495 3.217950 -0.020938 0.000000 -0.698782 0.419291 0 0.183168 0.039130 0.013451 0.041377 0.023680 0.016201 0.028692 -0.095790 0 nan nan nan 0.188976 0.028791 -0.145886 0.028791 -0.145886
1.666667 2.921100 -0.075540 0.133915 2.921430 -0.076014 0.133917 -1.362600 0.206158 3.176420 -0.022687 0.260512 -0.007226 0.011831 1 0.178798 -0.072350 0.016847 0.074286 -0.072020 0.016372 0.073858 0.019220 0 -0.000434 0.000994 0.001085 0.208196 -0.043559 -0.129040 -0.043229 -0.129514
1.683333 2.908300 -0.059439 0.133626 2.908300 -0.059439 0.133626 -1.780890 0.206158 3.176420 -0.022687 0.000000 -0.007226 0.011831 0 0.178798 -0.012800 0.016100 0.020568 -0.013130 0.016575 0.021145 -0.418290 0 nan nan nan 0.210094 -0.056359 -0.112939 -0.056359 -0.112939
1.700000 2.885330 -0.043955 0.132233 2.885870 -0.043737 0.132235 -1.714880 -0.149837 3.142990 -0.082554 0.260032 -0.001955 -0.007718 1 0.199776 -0.022970 0.015484 0.027702 -0.022430 0.015702 0.027380 0.066010 0 -0.000322 0.001262 0.001303 0.144084 -0.079329 -0.097455 -0.078789 -0.097237
1.716667 2.859550 -0.028780 0.131912 2.859550 -0.028780 0.131912 -1.473510 -0.149837 3.142990 -0.082554 0.000000 -0.001955 -0.007718 0 0.199776 -0.025780 0.015175 0.029915 -0.026320 0.014958 0.030273 0.241370 0 nan nan nan 0.097286 -0.105109 -0.082280 -0.105109 -0.082280
1.733333 2.851200 -0.013850 0.132545 2.851240 -0.014098 0.132544 -1.485040 0.086649 3.110290 0.008405 0.260020 -0.000801 0.006232 1 0.320550 -0.008350 0.014930 0.017106 -0.008310 0.014682 0.016871 -0.011530 0 -0.000026 0.000016 0.000030 0.085756 -0.113459 -0.067350 -0.113419 -0.067597
1.750000 2.872770 0.002033 0.134029 2.865860 -0.003062 0.133772 -1.537620 0.059166 3.124570 0.012264 0.259170 0.292023 0.217773 1 0.182855 0.021570 0.015883 0.026787 0.014620 0.011036 0.018318 -0.052580 0 0.007227 -0.001633 0.007410 0.033176 -0.091889 -0.051466 -0.098799 -0.056561
1.766667 2.850390 0.017118 0.133196 2.857100 0.011710 0.133443 -1.531780 0.050288 3.117260 0.024804 0.260489 -0.014804 0.462832 1 0.177747 -0.022380 0.015084 0.026989 -0.008760 0.014772 0.017174 0.005840 0 -0.006579 0.002474 0.007029 0.039016 -0.114269 -0.036382 -0.107559 -0.041790
1.783333 2.881540 0.032881 0.135472 2.873070 0.028705 0.135054 -1.582630 0.026400 3.132650 0.035560 0.259674 0.291680 0.581192 1 0.190115 0.031150 0.015763 0.034911 0.015970 0.016995 0.023321 -0.050850 0 0.008546 -0.005752 0.010301 0.011834 -0.083119 -0.020619 -0.091589 -0.024795
1.800000 2.856140 0.048477 0.134713 2.864500 0.045678 0.134992 -1.640620 -0.010403 3.124850 0.042969 0.260363 0.081980 0.590973 1 0.192710 -0.025400 0.015596 0.029806 -0.008570 0.016973 0.019014 -0.057990 0 -0.008981 -0.012657 0.015520 0.069824 -0.108519 -0.005023 -0.100159 -0.007822
1.816667 2.872820 0.063487 0.134252 2.872820 0.063487 0.134252 -1.477030 -0.010403 3.124850 0.042969 0.000000 0.081980 0.590973 0 0.192710 0.016680 0.015010 0.022439 0.008320 0.017810 0.019657 0.163590 0 nan nan nan 0.093766 -0.091839 0.009987 -0.091839 0.009987
1.833333 2.869390 0.078169 0.136456 2.869390 0.078169 0.136456 -1.386700 -0.010403 3.124850 0.042969 0.000000 0.081980 0.590973 0 0.192710 -0.003430 0.014682 0.015077 -0.003430 0.014682 0.015077 0.090330 0 nan nan nan 0.184096 -0.095269 0.024669 -0.095269 0.024669
1.850000 2.948910 0.095834 0.140894 2.948910 0.095834 0.140894 -1.581820 -0.010403 3.124850 0.042969 0.000000 0.081980 0.590973 0 0.192710 0.079520 0.017664 0.081458 0.079520 0.017664 0.081458 -0.195120 0 nan nan nan 0.011024 -0.015749 0.042334 -0.015749 0.042334
1.866667 2.940390 0.110625 0.141851 2.940390 0.110625 0.141851 -1.706510 -0.010403 3.124850 0.042969 0.000000 0.081980 0.590973 0 0.192710 -0.008520 0.014791 0.017070 -0.008520 0.014791 0.017070 -0.124690 0 nan nan nan 0.135714 -0.024269 0.057125 -0.024269 0.057125
1.883333 2.937240 0.125773 0.141427 2.937680 0.125983 0.141427 -1.769400 -0.192780 3.192820 0.076179 0.259955 -0.000517 -0.006948 1 0.275005 -0.003150 0.015148 0.015472 -0.002710 0.015358 0.015595 -0.062890 0 -0.000735 -0.001695 0.001847 0.198604 -0.027419 0.072273 -0.026979 0.072483
1.900000 2.954710 0.140681 0.144046 2.949440 0.135973 0.143593 -1.824690 -0.224302 3.203120 0.078099 0.260195 0.224638 0.188188 1 0.185177 0.017470 0.014908 0.022966 0.011760 0.009990 0.015430 -0.055290 0 0.003444 -0.002773 0.004421 0.253894 -0.009949 0.087181 -0.015219 0.082473
1.916667 3.009810 0.157881 0.147050 2.991300 0.151773 0.146630 -1.842840 -0.244754 3.242510 0.089029 0.258930 1.071950 0.457573 1 0.180467 0.055100 0.017200 0.057722 0.041860 0.015800 0.044743 -0.018150 0 0.016708 -0.000723 0.016723 0.272044 0.045151 0.104381 0.026641 0.098273
1.933333 2.975100 0.170142 0.145975 2.975100 0.170142 0.145975 -1.933040 -0.244754 3.242510 0.089029 0.000000 1.071950 0.457573 0 0.180467 -0.034710 0.012261 0.036812 -0.016200 0.018369 0.024492 -0.090200 0 nan nan nan 0.362244 0.010441 0.116642 0.010441 0.116642
1.950000 3.008930 0.185397 0.149106 3.008920 0.186024 0.149103 -1.968030 -0.393721 3.248160 0.086643 0.259055 0.002987 -0.017528 1 0.185188 0.033830 0.015255 0.037110 0.033820 0.015882 0.037363 -0.034990 0 -0.000346 -0.001467 0.001507 0.397234 0.044271 0.131897 0.044261 0.132524
1.966667 3.044650 0.201055 0.151627 3.033090 0.195935 0.151191 -2.005670 -0.415185 3.269760 0.091610 0.258642 0.488026 0.194547 1 0.187984 0.035720 0.015658 0.039001 0.024170 0.009911 0.026123 -0.037640 0 0.009458 0.000480 0.009471 0.434874 0.079991 0.147555 0.068431 0.142435
1.983333 3.032060 0.212782 0.152036 3.035520 0.208826 0.152107 -2.070410 -0.449533 3.269150 0.096108 0.259393 0.327329 0.359667 1 0.184005 -0.012590 0.011727 0.017206 0.002430 0.012891 0.013118 -0.064740 0 -0.009403 -0.007597 0.012089 0.499614 0.067401 0.159282 0.070861 0.155326
2.000000 3.080950 0.228396 0.155765 3.067630 0.224181 0.155163 -2.114150 -0.486364 3.296730 0.103047 0.259157 0.788898 0.465088 1 0.171283 0.048890 0.015614 0.051323 0.032110 0.015355 0.035593 -0.043740 0 0.006053 -0.008638 0.010547 0.543354 0.116291 0.174896 0.102971 0.170681
2.016667 3.057850 0.238543 0.155299 3.067530 0.237381 0.155730 -2.174940 -0.532140 3.290980 0.105817 0.259302 0.510322 0.431145 1 0.189170 -0.023100 0.010147 0.025230 -0.000100 0.013200 0.013200 -0.060790 0 -0.019727 -0.014572 0.024526 0.604144 0.093191 0.185043 0.102871 0.183881
2.033333 3.140930 0.256178 0.161094 3.115630 0.252271 0.159952 -2.209770 -0.577992 3.333650 0.110059 0.260297 0.957695 0.426668 1 0.184323 0.083080 0.017635 0.084931 0.048100 0.014890 0.050352 -0.034830 0 0.016223 -0.009115 0.018608 0.638974 0.176271 0.202678 0.150971 0.198771
2.050000 3.302810 0.280101 0.172361 3.229690 0.270641 0.169171 -2.212050 -0.613121 3.446540 0.118069 0.265147 1.998810 0.477299 1 0.184392 0.161880 0.023923 0.163638 0.114060 0.018370 0.115530 -0.002280 1 0.068745 0.003421 0.068830 0.641254 0.338151 0.226601 0.265031 0.217141
2.066667 3.126820 -0.218148 0.204314 3.126820 -0.218148 0.204314 -0.975458 -0.613121 3.446540 0.118069 0.000000 1.998810 0.477299 0 0.184392 -0.175990 -0.498249 0.528417 -0.102870 -0.488789 0.499497 1.236592 1 nan nan nan 0.595338 0.162161 -0.271648 0.162161 -0.271648
2.083333 0.000000 0.000000 1.000000 0.000000 0.000000 1.000000 -0.975458 -0.613121 3.446540 0.118069 0.000000 1.998810 0.477299 0 0.184392 -3.126820 0.218148 3.134420 -3.126820 0.218148 3.134420 0.000000 1 nan nan nan 0.595338 -2.964659 -0.053500 -2.964659 -0.053500
2.100000 3.022830 -0.186978 0.196198 3.023670 -0.187978 0.196206 -1.043500 0.532686 3.246800 -0.056434 0.259021 -0.015823 0.051060 1 0.212122 3.022830 -0.186978 3.028607 3.023670 -0.187978 3.029508 -0.068042 1 -0.000132 -0.000205 0.000243 0.527296 0.058171 -0.240478 0.059011 -0.241478
2.116667 2.995810 -0.172465 0.194453 3.004940 -0.177071 0.194752 -1.088970 0.506387 3.233320 -0.050405 0.261156 -0.394157 0.246611 1 0.223748 -0.027020 0.014513 0.030671 -0.018730 0.010907 0.021674 -0.045470 0 -0.006087 -0.001041 0.006175 0.481826 0.031151 -0.225965 0.040281 -0.230571
2.133333 3.007460 -0.159501 0.196022 3.004330 -0.163270 0.195616 -1.144360 0.473597 3.236290 -0.044391 0.260648 -0.240729 0.405048 1 0.256032 0.011650 0.012964 0.017430 -0.000610 0.013801 0.013814 -0.055390 0 0.008476 -0.007299 0.011185 0.426436 0.042801 -0.213001 0.039671 -0.216770
2.150000 3.016850 -0.145776 0.197569 3.010880 -0.148182 0.197096 -1.225420 0.424677 3.247610 -0.041133 0.259811 0.006192 0.436831 1 0.268399 0.009390 0.013725 0.016630 0.006550 0.015088 0.016448 -0.081060 0 0.013709 -0.016684 0.021594 0.345376 0.052191 -0.199276 0.046221 -0.201682
2.166667 3.018130 -0.131243 0.197656 3.015190 -0.132978 0.197626 -1.294900 0.366718 3.257340 -0.039970 0.259397 0.128261 0.398926 1 0.242096 0.001280 0.014533 0.014589 0.004310 0.015204 0.015803 -0.069480 0 0.010377 -0.020611 0.023076 0.275896 0.053471 -0.184743 0.050531 -0.186478
2.183333 2.976580 -0.114791 0.194762 2.992840 -0.117504 0.195733 -1.330480 0.313212 3.241250 -0.037049 0.261121 -0.137313 0.373082 1 0.283678 -0.041550 0.016452 0.044689 -0.022350 0.015474 0.027184 -0.035580 0 -0.011053 -0.015593 0.019113 0.240316 0.011921 -0.168291 0.028181 -0.171004
2.200000 2.958610 -0.099500 0.194890 2.971970 -0.101914 0.195140 -1.385190 0.256446 3.225570 -0.035416 0.262174 -0.296308 0.334230 1 0.289318 -0.017970 0.015291 0.023595 -0.020870 0.015590 0.026050 -0.054710 0 -0.009289 -0.015702 0.018244 0.185606 -0.006049 -0.153000 0.007311 -0.155414
2.216667 2.902140 -0.082803 0.189475 2.930720 -0.086936 0.191239 -1.359160 0.226519 3.188320 -0.027564 0.264358 -0.613786 0.360513 1 0.278053 -0.056470 0.016697 0.058887 -0.041250 0.014978 0.043885 0.026030 0 -0.027720 0.000292 0.027722 0.211636 -0.062519 -0.136303 -0.033939 -0.140436
2.233333 2.908650 -0.067723 0.190242 2.913620 -0.070865 0.190340 -1.415020 0.186919 3.173510 -0.021713 0.264492 -0.651007 0.361480 1 0.439065 0.006510 0.015080 0.016425 -0.017100 0.016071 0.023467 -0.055860 0 -0.003571 -0.004975 0.006123 0.155776 -0.056009 -0.121223 -0.051039 -0.124364
2.250000 2.886070 -0.050533 0.189268 2.886070 -0.050533 0.189268 -1.690460 0.186919 3.173510 -0.021713 0.000000 -0.651007 0.361480 0 0.439065 -0.022580 0.017190 0.028379 -0.027550 0.020332 0.034240 -0.275440 0 nan nan nan 0.119664 -0.078589 -0.104033 -0.078589 -0.104033
2.266667 2.864150 -0.035549 0.189068 2.864150 -0.035549 0.189068 -1.470810 0.186919 3.173510 -0.021713 0.000000 -0.651007 0.361480 0 0.439065 -0.021920 0.014984 0.026552 -0.021920 0.014984 0.026552 0.219650 0 nan nan nan 0.099986 -0.100509 -0.089048 -0.100509 -0.089048
2.283333 2.871880 -0.020000 0.190906 2.872460 -0.020160 0.190904 -1.546510 0.030991 3.132180 -0.012108 0.259851 0.000931 0.004930 1 0.264459 0.007730 0.015549 0.017364 0.008310 0.015389 0.017489 -0.075700 0 -0.000526 -0.001582 0.001667 0.024286 -0.092779 -0.073499 -0.092199 -0.073659
2.300000 2.838110 -0.003975 0.188039 2.849310 -0.009375 0.188535 -1.540730 0.030441 3.111580 -0.001388 0.262392 -0.466739 0.230527 1 0.273464 -0.033770 0.016025 0.037379 -0.023150 0.010785 0.025539 0.005780 0 -0.011197 0.005302 0.012388 0.030066 -0.126549 -0.057474 -0.115349 -0.062874
2.316667 2.859410 0.012346 0.190626 2.853630 0.006838 0.189963 -1.609430 0.002350 3.115280 0.007452 0.261643 -0.200913 0.468254 1 0.264347 0.021300 0.016321 0.026834 0.004320 0.016212 0.016778 -0.068700 0 0.005578 -0.005212 0.007634 0.038634 -0.105249 -0.041154 -0.111029 -0.046662
2.333333 2.854770 0.027657 0.190543 2.853220 0.023181 0.190384 -1.571190 -0.000233 3.114910 0.023120 0.261689 -0.144873 0.626759 1 0.321190 -0.004640 0.015311 0.015999 -0.000410 0.016343 0.016348 0.038240 0 0.001549 0.004435 0.004697 0.000394 -0.109889 -0.025842 -0.111439 -0.030319
2.350000 2.864870 0.043953 0.192203 2.859660 0.039557 0.191737 -1.508580 0.020477 3.120860 0.044906 0.261261 -0.006984 0.780222 1 0.260229 0.010100 0.016296 0.019172 0.006440 0.016376 0.017597 0.062610 0 0.004766 0.015292 0.016017 0.062216 -0.099789 -0.009546 -0.104999 -0.013943
2.366667 2.877920 0.059509 0.193328 2.877920 0.059509 0.193328 -1.601680 0.020477 3.120860 0.044906 0.000000 -0.006984 0.780222 0 0.260229 0.013050 0.015555 0.020304 0.018260 0.019952 0.027046 -0.093100 0 nan nan nan 0.030884 -0.086739 0.006009 -0.086739 0.006009
2.383333 2.902680 0.076258 0.196055 2.902600 0.076263 0.196052 -1.614250 -0.042319 3.162110 0.065274 0.259745 0.002427 -0.000226 1 0.329214 0.024760 0.016749 0.029893 0.024680 0.016755 0.029830 -0.012570 0 0.000070 -0.000300 0.000308 0.043454 -0.061979 0.022758 -0.062059 0.022763
2.400000 2.932650 0.092396 0.197970 2.932650 0.092396 0.197970 -1.443860 -0.042319 3.162110 0.065274 0.000000 0.002427 -0.000226 0 0.329214 0.029970 0.016139 0.034039 0.030050 0.016133 0.034107 0.170390 0 nan nan nan 0.126936 -0.032009 0.038897 -0.032009 0.038897
2.416667 2.954590 0.108729 0.201157 2.954590 0.108729 0.201157 -1.680940 -0.042319 3.162110 0.065274 0.000000 0.002427 -0.000226 0 0.329214 0.021940 0.016333 0.027352 0.021940 0.016333 0.027352 -0.237080 0 nan nan nan 0.110144 -0.010069 0.055229 -0.010069 0.055229
