t_rel target_x target_y target_z filtered_x filtered_y filtered_z raw_yaw filter_yaw center_x center_y center_r center_vx center_vy solve_ok time_cost dx_raw dy_raw dpos_raw dx_flt dy_flt dpos_flt dyaw mutation res_x res_y res_norm yaw_from_neg90 err_raw_x err_raw_y err_flt_x err_flt_y
0.000000 2.956260 -0.152395 0.192791 2.956260 -0.152395 0.192791 -1.135860 0.000000 0.000000 0.000000 0.000000 0.000000 0.000000 0 0.000000 0.000000 0.000000 0.000000 0.000000 0.000000 0.000000 0.000000 0 nan nan nan 0.434936 0.008888 -0.210793 0.008888 -0.210793
0.016667 2.962340 -0.138583 0.193871 2.962790 -0.139302 0.193870 -1.204740 0.371804 3.204030 -0.045234 0.258929 0.001196 0.021628 1 0.132075 0.006080 0.013812 0.015091 0.006530 0.013093 0.014631 -0.068880 0 0.000084 -0.000670 0.000675 0.366056 0.014968 -0.196981 0.015418 -0.197700
0.033333 2.932920 -0.123205 0.191310 2.942790 -0.128267 0.191753 -1.238640 0.351328 3.188120 -0.038345 0.261292 -0.409407 0.235390 1 0.177591 -0.029420 0.015378 0.033197 -0.020000 0.011035 0.022842 -0.033900 0 -0.008190 0.000343 0.008197 0.332156 -0.014452 -0.181603 -0.004582 -0.186665
0.050000 2.920380 -0.108051 0.190290 2.925500 -0.113052 0.190335 -1.278910 0.326690 3.173780 -0.028928 0.262144 -0.639691 0.454772 1 0.179941 -0.012540 0.015154 0.019670 -0.017290 0.015215 0.023031 -0.040270 0 -0.002344 -0.003689 0.004371 0.291886 -0.026992 -0.166449 -0.021872 -0.171450
0.066667 2.886220 -0.092046 0.188926 2.896050 -0.096216 0.188948 -1.306290 0.302013 3.147320 -0.017936 0.263180 -0.981077 0.574977 1 0.184038 -0.034160 0.016005 0.037723 -0.029450 0.016836 0.033923 -0.027380 0 -0.007073 -0.005307 0.008842 0.264506 -0.061152 -0.150444 -0.051322 -0.154615
0.083333 2.919200 -0.077600 0.193806 2.919200 -0.077600 0.193806 -1.419350 0.302013 3.147320 -0.017936 0.000000 -0.981077 0.574977 0 0.184038 0.032980 0.014446 0.036005 0.023150 0.018616 0.029707 -0.113060 0 nan nan nan 0.151446 -0.028172 -0.135998 -0.028172 -0.135998
0.100000 2.926530 -0.062036 0.195399 2.926530 -0.062036 0.195399 -1.547790 0.302013 3.147320 -0.017936 0.000000 -0.981077 0.574977 0 0.184038 0.007330 0.015565 0.017204 0.007330 0.015565 0.017204 -0.128440 0 nan nan nan 0.023006 -0.020842 -0.120434 -0.020842 -0.120434
0.116667 2.872920 -0.045135 0.190554 2.873450 -0.045315 0.190559 -1.493640 0.072185 3.133310 -0.026524 0.260547 -0.005305 0.004141 1 0.179427 -0.053610 0.016901 0.056211 -0.053080 0.016721 0.055651 0.054150 0 -0.000618 0.001472 0.001596 0.077156 -0.074452 -0.103533 -0.073922 -0.103713
0.133333 2.871010 -0.030416 0.189106 2.871820 -0.035482 0.189356 -1.486290 0.078282 3.130980 -0.015154 0.259953 -0.039061 0.216026 1 0.176526 -0.001910 0.014718 0.014842 -0.001630 0.009833 0.009967 0.007350 0 -0.000945 0.006679 0.006745 0.084506 -0.076362 -0.088815 -0.075552 -0.093880
0.150000 2.846580 -0.014292 0.189321 2.854710 -0.019822 0.189194 -1.552300 0.054104 3.115140 -0.005718 0.260816 -0.404914 0.458935 1 0.193764 -0.024430 0.016125 0.029272 -0.017110 0.015660 0.023195 -0.066010 0 -0.007789 -0.003750 0.008645 0.018496 -0.100792 -0.072690 -0.092662 -0.078220
0.166667 2.852200 0.001848 0.188857 2.850810 -0.002553 0.188829 -1.574480 0.031778 3.111800 0.005744 0.261118 -0.348663 0.588714 1 0.180951 0.005620 0.016140 0.017090 -0.003900 0.017269 0.017704 -0.022180 0 0.001516 -0.004858 0.005089 0.003684 -0.095172 -0.056550 -0.096562 -0.060951
0.183333 2.855590 0.017678 0.192304 2.851750 0.014580 0.191260 -1.614570 0.002398 3.112950 0.015206 0.261200 -0.243575 0.619407 1 0.599602 0.003390 0.015830 0.016189 0.000940 0.017132 0.017158 -0.040090 0 0.003590 -0.008958 0.009650 0.043774 -0.091782 -0.040720 -0.095622 -0.043819
0.200000 2.865510 0.033827 0.190083 2.858320 0.030732 0.190519 -1.576160 -0.004524 3.119580 0.029551 0.261263 -0.106452 0.674308 1 0.196624 0.009920 0.016149 0.018953 0.006570 0.016153 0.017438 0.038410 0 0.007189 0.002875 0.007743 0.005364 -0.081862 -0.024571 -0.089052 -0.027666
0.216667 2.862330 0.049210 0.192475 2.862330 0.049210 0.192475 -1.463920 -0.004524 3.119580 0.029551 0.000000 -0.106452 0.674308 0 0.196624 -0.003180 0.015383 0.015708 0.004010 0.018477 0.018908 0.112240 0 nan nan nan 0.106876 -0.085042 -0.009188 -0.085042 -0.009188
0.233333 2.879880 0.065607 0.194806 2.879880 0.065607 0.194806 -1.619390 -0.004524 3.119580 0.029551 0.000000 -0.106452 0.674308 0 0.196624 0.017550 0.016397 0.024018 0.017550 0.016397 0.024018 -0.155470 0 nan nan nan 0.048594 -0.067492 0.007208 -0.067492 0.007208
0.250000 2.873620 0.081015 0.194184 2.874250 0.081086 0.194185 -1.694410 -0.116794 3.132540 0.050781 0.260060 -0.000702 -0.002740 1 0.178763 -0.006260 0.015408 0.016631 -0.005630 0.015479 0.016471 -0.075020 0 -0.000844 -0.001831 0.002017 0.123614 -0.073752 0.022617 -0.073122 0.022687
0.266667 2.909060 0.097696 0.197239 2.897770 0.092178 0.196711 -1.709530 -0.128534 3.155440 0.058875 0.259811 0.471392 0.227248 1 0.176265 0.035440 0.016681 0.039169 0.023520 0.011092 0.026004 -0.015120 0 0.010935 0.002891 0.011311 0.138734 -0.038312 0.039297 -0.049602 0.033780
0.283333 2.905370 0.112781 0.198536 2.905720 0.107764 0.198468 -1.785330 -0.163530 3.162370 0.065416 0.260120 0.455362 0.440010 1 0.186838 -0.003690 0.015086 0.015530 0.007950 0.015586 0.017497 -0.075800 0 -0.002843 -0.008012 0.008502 0.214534 -0.042002 0.054383 -0.041652 0.049366
0.300000 2.914620 0.128277 0.199277 2.914560 0.124583 0.199462 -1.834820 -0.202274 3.169570 0.072286 0.260320 0.453189 0.523359 1 0.180883 0.009250 0.015496 0.018047 0.008840 0.016819 0.019001 -0.049490 0 -0.003651 -0.011944 0.012489 0.264024 -0.032752 0.069879 -0.032812 0.066185
0.316667 2.929630 0.143704 0.201516 2.927350 0.140994 0.201340 -1.878280 -0.243992 3.179970 0.078104 0.260329 0.503035 0.526017 1 0.188221 0.015010 0.015427 0.021524 0.012790 0.016411 0.020806 -0.043460 0 -0.002221 -0.013191 0.013377 0.307484 -0.017742 0.085306 -0.020022 0.082596
0.333333 2.975250 0.160644 0.205275 2.959880 0.157530 0.204573 -1.903270 -0.282428 3.209800 0.085007 0.260231 0.785038 0.522744 1 0.180276 0.045620 0.016940 0.048664 0.032530 0.016536 0.036492 -0.024990 0 0.011430 -0.009298 0.014734 0.332474 0.027878 0.102246 0.012508 0.099132
0.350000 2.971560 0.174708 0.205822 2.973140 0.173186 0.206017 -1.963670 -0.330303 3.219260 0.088800 0.260186 0.747931 0.478170 1 0.190921 -0.003690 0.014064 0.014540 0.013260 0.015656 0.020517 -0.060400 0 -0.007337 -0.013703 0.015543 0.392874 0.024188 0.116310 0.025768 0.114788
0.366667 2.956940 0.187307 0.206626 2.971230 0.187550 0.207007 -2.029960 -0.386592 3.211610 0.089699 0.259528 0.563333 0.412070 1 0.181338 -0.014620 0.012599 0.019300 -0.001910 0.014364 0.014490 -0.066290 0 -0.022023 -0.017415 0.028076 0.459164 0.009568 0.128909 0.023858 0.129152
0.383333 3.020900 0.205159 0.210131 3.003890 0.202750 0.209659 -2.057410 -0.436304 3.240240 0.092546 0.260780 0.716842 0.379917 1 0.179466 0.063960 0.017852 0.066405 0.032660 0.015200 0.036024 -0.027450 0 0.011169 -0.009337 0.014558 0.486614 0.073528 0.146761 0.056518 0.144352
0.400000 3.034470 0.219033 0.211666 3.027570 0.217422 0.211601 -2.106270 -0.486919 3.258520 0.095145 0.261328 0.761764 0.350923 1 0.195390 0.013570 0.013874 0.019407 0.023680 0.014672 0.027857 -0.048860 0 0.000699 -0.009455 0.009480 0.535474 0.087098 0.160635 0.080198 0.159024
0.416667 3.064740 0.233643 0.215173 3.055090 0.231830 0.214583 -2.148400 -0.536112 3.280590 0.097850 0.262296 0.820956 0.328697 1 0.182872 0.030270 0.014610 0.033611 0.027520 0.014408 0.031063 -0.042130 0 0.003895 -0.007425 0.008384 0.577604 0.117368 0.175245 0.107718 0.173432
0.433333 3.102480 0.248372 0.219831 3.088450 0.246182 0.218705 -2.198600 -0.587003 3.308180 0.100012 0.263908 0.900680 0.307624 1 0.185822 0.037740 0.014729 0.040512 0.033360 0.014352 0.036316 -0.050200 0 0.007886 -0.006651 0.010316 0.627804 0.155108 0.189974 0.141078 0.187784
0.450000 3.163860 0.264956 0.224411 3.136380 0.260877 0.223192 -2.230790 -0.633449 3.352350 0.102266 0.267957 1.053130 0.293222 1 0.182568 0.061380 0.016584 0.063581 0.047930 0.014695 0.050132 -0.032190 0 0.023195 -0.001598 0.023250 0.659994 0.216488 0.206558 0.189008 0.202479
0.466667 3.157080 0.275376 0.225139 3.158750 0.274536 0.225291 -2.292940 -0.684109 3.366050 0.105484 0.267495 1.034670 0.282434 1 0.184890 -0.006780 0.010420 0.012432 0.022370 0.013659 0.026210 -0.062150 0 -0.008244 -0.006921 0.010764 0.722144 0.209708 0.216978 0.211378 0.216138
0.483333 2.968280 -0.201372 0.134797 2.968280 -0.201372 0.134797 -0.902474 -0.684109 3.366050 0.105484 0.000000 1.034670 0.282434 0 0.184890 -0.188800 -0.476748 0.512771 -0.190470 -0.475908 0.512608 1.390466 1 nan nan nan 0.668322 0.020908 -0.259770 0.020908 -0.259770
0.500000 2.998560 -0.191627 0.135391 2.998830 -0.192747 0.135390 -0.964764 0.611105 3.209830 -0.044926 0.257630 0.003741 0.031693 1 0.176042 0.030280 0.009745 0.031809 0.030550 0.008625 0.031744 -0.062290 0 0.000480 0.000048 0.000482 0.606032 0.051188 -0.250025 0.051458 -0.251145
0.516667 2.961630 -0.176993 0.133923 2.973930 -0.181924 0.134177 -1.001940 0.589196 3.190310 -0.037301 0.260257 -0.508875 0.240823 1 0.186031 -0.036930 0.014634 0.039724 -0.024900 0.010823 0.027150 -0.037176 0 -0.009409 0.000500 0.009422 0.568856 0.014258 -0.235391 0.026558 -0.240322
0.533333 2.937990 -0.162726 0.133194 2.946960 -0.167384 0.133247 -1.046130 0.562343 3.168230 -0.027932 0.261553 -0.912897 0.446330 1 0.179961 -0.023640 0.014267 0.027612 -0.026970 0.014540 0.030640 -0.044190 0 -0.003868 -0.003776 0.005405 0.524666 -0.009382 -0.221124 -0.000412 -0.225782
0.550000 2.956780 -0.150439 0.134250 2.947720 -0.152659 0.133828 -1.107530 0.524554 3.173100 -0.022246 0.260395 -0.560922 0.486343 1 0.181361 0.018790 0.012287 0.022451 0.000760 0.014725 0.014745 -0.061400 0 0.016629 -0.011830 0.020407 0.463266 0.009408 -0.208837 0.000348 -0.211057
0.566667 2.933900 -0.135924 0.131869 2.935180 -0.137898 0.132302 -1.153330 0.482383 3.165920 -0.017077 0.260452 -0.555424 0.479852 1 0.560007 -0.022880 0.014515 0.027096 -0.012540 0.014761 0.019368 -0.045800 0 0.006064 -0.013248 0.014570 0.417466 -0.013472 -0.194322 -0.012192 -0.196296
0.583333 2.878100 -0.119511 0.129649 2.897150 -0.122711 0.130232 -1.167610 0.447414 3.133590 -0.009246 0.262264 -0.882283 0.491398 1 0.186934 -0.055800 0.016413 0.058164 -0.038030 0.015187 0.040950 -0.014280 0 -0.014256 -0.007365 0.016046 0.403186 -0.069272 -0.177909 -0.050222 -0.181109
0.600000 2.883700 -0.105361 0.129250 2.882500 -0.107246 0.129261 -1.218350 0.405386 3.123400 -0.003861 0.262149 -0.835975 0.468105 1 0.173777 0.005600 0.014150 0.015218 -0.014650 0.015465 0.021302 -0.050740 0 0.006335 -0.011007 0.012700 0.352446 -0.063672 -0.163759 -0.064872 -0.165644
0.616667 2.920020 -0.091800 0.132932 2.920020 -0.091800 0.132932 -1.306640 0.405386 3.123400 -0.003861 0.000000 -0.835975 0.468105 0 0.173777 0.036320 0.013561 0.038769 0.037520 0.015446 0.040575 -0.088290 0 nan nan nan 0.264156 -0.027352 -0.150198 -0.027352 -0.150198
0.633333 2.834160 -0.074654 0.127538 2.834600 -0.075275 0.127544 -1.276040 0.291584 3.084050 -0.000405 0.260444 -0.008678 0.015896 1 0.179539 -0.085860 0.017146 0.087555 -0.085420 0.016525 0.087004 0.030600 0 -0.000678 0.001412 0.001567 0.294756 -0.113212 -0.133052 -0.112772 -0.133673
0.650000 2.863300 -0.060635 0.128181 2.853930 -0.064972 0.128069 -1.357600 0.251657 3.104740 -0.000486 0.258968 0.391953 0.196183 1 0.182093 0.029140 0.014019 0.032337 0.019330 0.010303 0.021904 -0.081560 0 0.011665 -0.005354 0.012835 0.213196 -0.084072 -0.119033 -0.093442 -0.123370
0.666667 2.842990 -0.044637 0.128533 2.848820 -0.049656 0.128502 -1.403460 0.216938 3.102950 0.006355 0.260227 0.137720 0.414793 1 0.180688 -0.020310 0.015997 0.025853 -0.005110 0.015316 0.016146 -0.045860 0 -0.003368 -0.007650 0.008359 0.167336 -0.104382 -0.103036 -0.098552 -0.108054
0.683333 2.843510 -0.030056 0.129356 2.846120 -0.033827 0.129241 -1.411060 0.193657 3.102190 0.016392 0.260948 0.053031 0.524258 1 0.181218 0.000520 0.014582 0.014591 -0.002700 0.015829 0.016057 -0.007600 0 -0.001054 -0.004942 0.005053 0.159736 -0.103862 -0.088454 -0.101252 -0.092225
0.700000 2.835500 -0.013770 0.129499 2.839750 -0.017415 0.129561 -1.417270 0.175756 3.097280 0.028318 0.261551 -0.050309 0.592958 1 0.190238 -0.008010 0.016286 0.018149 -0.006370 0.016412 0.017605 -0.006210 0 -0.003305 -0.002091 0.003911 0.153526 -0.111872 -0.072168 -0.107622 -0.075813
0.716667 2.852520 0.001861 0.129891 2.852520 0.001861 0.129891 -1.585180 0.175756 3.097280 0.028318 0.000000 -0.050309 0.592958 0 0.190238 0.017020 0.015632 0.023109 0.012770 0.019276 0.023123 -0.167910 0 nan nan nan 0.014384 -0.094852 -0.056537 -0.094852 -0.056537
0.733333 2.864180 0.017507 0.133074 2.864490 0.017427 0.133071 -1.527260 0.038268 3.124180 0.027370 0.259881 0.001167 0.002172 1 0.283318 0.011660 0.015645 0.019512 0.011970 0.015566 0.019636 0.057920 0 -0.000365 0.001447 0.001493 0.043536 -0.083192 -0.040891 -0.082882 -0.040971
0.750000 2.863410 0.033452 0.130646 2.863760 0.028111 0.131066 -1.541720 0.033394 3.122780 0.036764 0.259169 -0.013435 0.224975 1 0.172340 -0.000770 0.015945 0.015963 -0.000730 0.010684 0.010709 -0.014460 0 -0.000311 0.004222 0.004233 0.029076 -0.083962 -0.024947 -0.083612 -0.030287
0.766667 2.855520 0.048835 0.133269 2.855520 0.048835 0.133269 -1.650370 0.033394 3.122780 0.036764 0.000000 -0.013435 0.224975 0 0.172340 -0.007890 0.015384 0.017289 -0.008240 0.020724 0.022302 -0.108650 0 nan nan nan 0.079574 -0.091852 -0.009563 -0.091852 -0.009563
0.783333 2.880310 0.064737 0.135075 2.880240 0.064825 0.135073 -1.635100 -0.065631 3.139410 0.047792 0.259724 0.002466 -0.002167 1 0.171473 0.024790 0.015901 0.029452 0.024720 0.015990 0.029441 0.015270 0 0.000087 0.000255 0.000270 0.064304 -0.067062 0.006338 -0.067132 0.006427
0.800000 2.893220 0.080617 0.135810 2.889060 0.075507 0.135683 -1.682840 -0.089493 3.147040 0.052357 0.259019 0.179332 0.209819 1 0.183879 0.012910 0.015880 0.020466 0.008820 0.010682 0.013852 -0.047740 0 0.003575 -0.000701 0.003643 0.112044 -0.054152 0.022219 -0.058312 0.017109
0.816667 2.888910 0.095898 0.137084 2.890180 0.090867 0.136885 -1.744240 -0.123783 3.147750 0.058821 0.259551 0.127659 0.424059 1 0.179454 -0.004310 0.015281 0.015877 0.001120 0.015361 0.015401 -0.061400 0 -0.003183 -0.007716 0.008346 0.173444 -0.058462 0.037500 -0.057192 0.032469
0.833333 2.881510 0.110883 0.136740 2.885720 0.107469 0.136946 -1.810860 -0.168319 3.142360 0.063858 0.260323 -0.020258 0.490834 1 0.193572 -0.007400 0.014985 0.016713 -0.004460 0.016602 0.017190 -0.066620 0 -0.007992 -0.014871 0.016882 0.240064 -0.065862 0.052485 -0.061652 0.049071
0.850000 2.878760 0.125486 0.137443 2.881940 0.123313 0.137447 -1.866940 -0.218413 3.136460 0.066821 0.260716 -0.107169 0.466418 1 0.374145 -0.002750 0.014603 0.014860 -0.003780 0.015844 0.016289 -0.056080 0 -0.008333 -0.017421 0.019311 0.296144 -0.068612 0.067088 -0.065432 0.064915
0.866667 2.905580 0.141205 0.139889 2.896130 0.138884 0.139326 -1.903440 -0.266824 3.147740 0.070107 0.260848 0.063173 0.433359 1 0.187650 0.026820 0.015719 0.031087 0.014190 0.015571 0.021067 -0.036500 0 0.004389 -0.014080 0.014748 0.332644 -0.041792 0.082807 -0.051242 0.080486
0.883333 2.907610 0.155537 0.139957 2.904210 0.153800 0.140008 -1.949740 -0.316976 3.152170 0.072458 0.260967 0.100819 0.389869 1 0.186264 0.002030 0.014332 0.014475 0.008080 0.014916 0.016964 -0.046300 0 -0.002107 -0.013463 0.013627 0.378944 -0.039762 0.097139 -0.043162 0.095402
0.900000 2.903070 0.169067 0.140895 2.905750 0.168069 0.140860 -2.005920 -0.371403 3.148740 0.073432 0.260765 0.055016 0.339792 1 0.196758 -0.004540 0.013530 0.014271 0.001540 0.014269 0.014352 -0.056180 0 -0.009204 -0.014283 0.016992 0.435124 -0.044302 0.110669 -0.041622 0.109671
0.916667 2.905870 0.182651 0.142119 2.908040 0.181887 0.141965 -2.059600 -0.427709 3.145030 0.073853 0.260456 0.019141 0.294841 1 0.329843 0.002800 0.013584 0.013870 0.002290 0.013818 0.014006 -0.053680 0 -0.009205 -0.013505 0.016343 0.488804 -0.041502 0.124253 -0.039332 0.123489
0.933333 2.883340 0.193889 0.142259 2.897470 0.194602 0.142438 -2.122480 -0.487575 3.126030 0.073401 0.258708 -0.114890 0.250488 1 0.257014 -0.022530 0.011238 0.025177 -0.010570 0.012715 0.016535 -0.062880 0 -0.022363 -0.015106 0.026987 0.551684 -0.064032 0.135491 -0.049902 0.136204
0.950000 2.935680 0.209898 0.145475 2.918590 0.207763 0.144715 -2.144680 -0.537604 3.142680 0.074167 0.260888 0.000306 0.227506 1 0.197373 0.052340 0.016009 0.054734 0.021120 0.013161 0.024885 -0.022200 0 0.012093 -0.005905 0.013458 0.573884 -0.011692 0.151500 -0.028782 0.149365
0.966667 2.912770 0.220073 0.145276 2.918490 0.220103 0.145409 -2.210480 -0.592827 3.133960 0.074950 0.259801 -0.048773 0.205784 1 0.201795 -0.022910 0.010175 0.025068 -0.000100 0.012340 0.012340 -0.065800 0 -0.012756 -0.009963 0.016185 0.639684 -0.034602 0.161675 -0.028882 0.161705
0.983333 2.964890 0.235422 0.148926 2.944280 0.232747 0.148032 -2.242460 -0.642756 3.154800 0.075102 0.263004 0.063478 0.187944 1 0.198200 0.052120 0.015349 0.054333 0.025790 0.012644 0.028723 -0.031980 0 0.015966 -0.003345 0.016313 0.671664 0.017518 0.177024 -0.003092 0.174349
1.000000 3.033460 0.251816 0.154451 2.991940 0.246130 0.152598 -2.274550 -0.688888 3.200430 0.074445 0.270081 0.278576 0.171962 1 0.485053 0.068570 0.016394 0.070503 0.047660 0.013383 0.049503 -0.032090 0 0.038945 0.002606 0.039032 0.703754 0.086088 0.193418 0.044568 0.187732
1.016667 3.038650 0.262770 0.154557 3.020610 0.259036 0.154357 -2.323940 -0.735260 3.223200 0.075810 0.273153 0.361258 0.165927 1 0.235050 0.005190 0.010954 0.012121 0.028670 0.012906 0.031441 -0.049390 0 0.014727 0.000141 0.014727 0.753144 0.091278 0.204372 0.073238 0.200638
1.033333 3.069600 0.275231 0.157374 3.051220 0.271591 0.156812 -2.371270 -0.782452 3.247210 0.076748 0.276365 0.438886 0.158979 1 0.190986 0.030950 0.012461 0.033364 0.030610 0.012555 0.033085 -0.047330 0 0.014841 0.000139 0.014842 0.800474 0.122228 0.216833 0.103848 0.213193
1.050000 3.086760 0.285826 0.159862 3.076310 0.283419 0.159315 -2.423330 -0.831100 3.263870 0.077888 0.278243 0.477134 0.152985 1 0.185681 0.017160 0.010595 0.020167 0.025090 0.011828 0.027738 -0.052060 0 0.005995 -0.001565 0.006196 0.852534 0.139388 0.227428 0.128938 0.225021
1.066667 3.013390 -0.179567 0.198942 3.013390 -0.179567 0.198942 -1.056490 -0.831100 3.263870 0.077888 0.000000 0.477134 0.152985 0 0.185681 -0.073370 -0.465393 0.471141 -0.062920 -0.462986 0.467242 1.366840 1 nan nan nan 0.514306 0.066018 -0.237965 0.066018 -0.237965
1.083333 3.027970 -0.167130 0.200672 3.028300 -0.168018 0.200670 -1.118440 0.457439 3.260220 -0.053849 0.258506 0.002043 0.025311 1 0.196784 0.014580 0.012437 0.019164 0.014910 0.011549 0.018860 -0.061950 0 0.000255 -0.000292 0.000388 0.452356 0.080598 -0.225528 0.080928 -0.226416
1.100000 2.972030 -0.150704 0.195489 2.990540 -0.156337 0.196386 -1.143340 0.441799 3.227720 -0.044155 0.262372 -0.770657 0.263241 1 0.187543 -0.055940 0.016426 0.058302 -0.037760 0.011681 0.039525 -0.024900 0 -0.016925 0.002220 0.017070 0.427456 0.024658 -0.209102 0.043168 -0.214735
1.116667 2.935610 -0.134978 0.194163 2.949460 -0.140338 0.194112 -1.185670 0.418053 3.191040 -0.033016 0.264352 -1.401090 0.501674 1 0.190037 -0.036420 0.015726 0.039670 -0.041080 0.015999 0.044086 -0.042330 0 -0.010442 -0.002651 0.010773 0.385126 -0.011762 -0.193376 0.002088 -0.198736
1.133333 2.927720 -0.120639 0.193672 2.926990 -0.123812 0.193216 -1.230390 0.387984 3.171540 -0.023863 0.264191 -1.357590 0.580584 1 0.184066 -0.007890 0.014339 0.016366 -0.022470 0.016526 0.027893 -0.044720 0 0.005211 -0.008571 0.010031 0.340406 -0.019652 -0.179037 -0.020382 -0.182210
1.150000 2.956310 -0.106757 0.196256 2.936490 -0.107694 0.194938 -1.317580 0.336907 3.184110 -0.020963 0.262367 -0.810173 0.527710 1 0.186251 0.028590 0.013882 0.031782 0.009500 0.016118 0.018709 -0.087190 0 0.026201 -0.020066 0.033002 0.253216 0.008938 -0.165155 -0.010882 -0.166092
1.166667 2.919740 -0.090833 0.194921 2.920810 -0.092219 0.194651 -1.348490 0.289624 3.172360 -0.017259 0.262474 -0.798666 0.483405 1 0.240124 -0.036570 0.015924 0.039886 -0.015680 0.015475 0.022030 -0.030910 0 0.003395 -0.015704 0.016067 0.222306 -0.027632 -0.149232 -0.026562 -0.150617
1.183333 2.957520 -0.076262 0.196958 2.957520 -0.076262 0.196958 -1.469460 0.289624 3.172360 -0.017259 0.000000 -0.798666 0.483405 0 0.240124 0.037780 0.014571 0.040493 0.036710 0.015957 0.040028 -0.120970 0 nan nan nan 0.101336 0.010148 -0.134660 0.010148 -0.134660
1.200000 2.928320 -0.059527 0.197135 2.928720 -0.059717 0.197135 -1.521870 0.053502 3.188580 -0.045801 0.260228 -0.002756 0.005665 1 0.198295 -0.029200 0.016735 0.033656 -0.028800 0.016545 0.033214 -0.052410 0 -0.000343 -0.000999 0.001056 0.048926 -0.019052 -0.117925 -0.018652 -0.118115
1.216667 2.902810 -0.043657 0.194652 2.911240 -0.049084 0.195082 -1.510650 0.056713 3.172860 -0.034230 0.262044 -0.354618 0.232139 1 0.212142 -0.025510 0.015870 0.030043 -0.017480 0.010634 0.020460 0.011220 0 -0.008480 0.006324 0.010578 0.060146 -0.044562 -0.102056 -0.036132 -0.107482
1.233333 2.878260 -0.027807 0.192183 2.878260 -0.027807 0.192183 -1.622020 0.056713 3.172860 -0.034230 0.000000 -0.354618 0.232139 0 0.212142 -0.024550 0.015850 0.029222 -0.032980 0.021276 0.039247 -0.111370 0 nan nan nan 0.051224 -0.069112 -0.086205 -0.069112 -0.086205
1.250000 2.865570 -0.011923 0.190994 2.865620 -0.011884 0.190995 -1.619200 -0.048629 3.125440 -0.024528 0.260125 -0.001245 -0.001001 1 0.135601 -0.012690 0.015884 0.020331 -0.012640 0.015923 0.020330 0.002820 0 -0.000050 0.000019 0.000053 0.048404 -0.081802 -0.070321 -0.081752 -0.070282
1.266667 2.858370 0.003983 0.191412 2.858370 0.003983 0.191412 -1.515630 -0.048629 3.125440 -0.024528 0.000000 -0.001245 -0.001001 0 0.135601 -0.007200 0.015907 0.017460 -0.007250 0.015867 0.017445 0.103570 0 nan nan nan 0.055166 -0.089002 -0.054415 -0.089002 -0.054415
1.283333 2.848400 0.019836 0.194042 2.848400 0.019836 0.194042 -1.670210 -0.048629 3.125440 -0.024528 0.000000 -0.001245 -0.001001 0 0.135601 -0.009970 0.015852 0.018727 -0.009970 0.015852 0.018727 -0.154580 0 nan nan nan 0.099414 -0.098972 -0.038562 -0.098972 -0.038562
1.300000 2.863020 0.035403 0.192195 2.863020 0.035403 0.192195 -1.496170 -0.048629 3.125440 -0.024528 0.000000 -0.001245 -0.001001 0 0.135601 0.014620 0.015567 0.021356 0.014620 0.015567 0.021356 0.174040 0 nan nan nan 0.074626 -0.084352 -0.022996 -0.084352 -0.022996
1.316667 2.855950 0.051320 0.194260 2.855950 0.051320 0.194260 -1.678950 -0.048629 3.125440 -0.024528 0.000000 -0.001245 -0.001001 0 0.135601 -0.007070 0.015917 0.017417 -0.007070 0.015917 0.017417 -0.182780 0 nan nan nan 0.108154 -0.091422 -0.007078 -0.091422 -0.007078
1.333333 2.867540 0.066933 0.195564 2.867520 0.067103 0.195563 -1.692970 -0.120814 3.125460 0.035787 0.259836 0.001100 -0.004351 1 0.179513 0.011590 0.015613 0.019445 0.011570 0.015783 0.019569 -0.014020 0 -0.000021 -0.000520 0.000521 0.122174 -0.079832 0.008535 -0.079852 0.008705
1.350000 2.897160 0.083169 0.197860 2.887490 0.077711 0.197463 -1.696230 -0.123488 3.144390 0.045824 0.258878 0.405264 0.223454 1 0.190675 0.029620 0.016236 0.033778 0.019970 0.010608 0.022613 -0.003260 0 0.009614 0.004958 0.010817 0.125434 -0.050212 0.024771 -0.059882 0.019313
1.366667 2.865790 0.097653 0.196813 2.865790 0.097653 0.196813 -1.803750 -0.123488 3.144390 0.045824 0.000000 0.405264 0.223454 0 0.190675 -0.031370 0.014484 0.034552 -0.021700 0.019942 0.029472 -0.107520 0 nan nan nan 0.232954 -0.081582 0.039255 -0.081582 0.039255
1.383333 2.901780 0.114232 0.198910 2.901650 0.114644 0.198908 -1.812500 -0.240693 3.153560 0.052811 0.259392 0.003473 -0.010466 1 0.172534 0.035990 0.016579 0.039625 0.035860 0.016991 0.039682 -0.008750 0 0.000072 -0.000666 0.000670 0.241704 -0.045592 0.055834 -0.045722 0.056246
1.400000 2.913600 0.129264 0.202106 2.909820 0.124477 0.201553 -1.858210 -0.264755 3.159950 0.056661 0.259162 0.164036 0.187969 1 0.185642 0.011820 0.015032 0.019123 0.008170 0.009833 0.012784 -0.045710 0 0.002181 -0.000862 0.002346 0.287414 -0.033772 0.070866 -0.037552 0.066079
1.416667 2.976820 0.147131 0.205881 2.955660 0.140522 0.205348 -1.858920 -0.275363 3.203430 0.070517 0.257470 1.134170 0.486486 1 0.179165 0.063220 0.017867 0.065696 0.045840 0.016045 0.048567 -0.000710 0 0.020247 0.003453 0.020539 0.288124 0.029448 0.088733 0.008288 0.082124
1.433333 2.957800 0.160531 0.205850 2.963990 0.157164 0.206331 -1.939570 -0.310597 3.209800 0.078263 0.258163 0.904428 0.563457 1 0.182433 -0.019020 0.013400 0.023266 0.008330 0.016642 0.018610 -0.080650 0 -0.011193 -0.010792 0.015549 0.368774 0.010428 0.102133 0.016618 0.098766
1.450000 3.001650 0.176936 0.210065 2.993620 0.173799 0.209610 -1.965290 -0.343922 3.236670 0.086751 0.258164 1.098940 0.590095 1 1.610280 0.043850 0.016405 0.046818 0.029630 0.016635 0.033980 -0.025720 0 0.003315 -0.009038 0.009626 0.394494 0.054278 0.118538 0.046248 0.115401
1.466667 2.964960 0.188348 0.208414 2.985040 0.188370 0.209448 -2.044560 -0.394705 3.223410 0.089071 0.258230 0.695580 0.513854 1 0.191853 -0.036690 0.011412 0.038424 -0.008580 0.014571 0.016909 -0.079270 0 -0.028662 -0.018538 0.034134 0.473764 0.017588 0.129950 0.037668 0.129972
1.483333 3.050820 0.206933 0.215849 3.028590 0.203970 0.214444 -2.058710 -0.436866 3.263590 0.094237 0.259355 1.003050 0.491314 1 0.204619 0.085860 0.018585 0.087848 0.043550 0.015600 0.046260 -0.014150 0 0.016322 -0.008885 0.018583 0.487914 0.103448 0.148535 0.081218 0.145572
1.500000 3.042200 0.219111 0.216008 3.045130 0.218398 0.216269 -2.120160 -0.486973 3.274120 0.097149 0.259106 0.947343 0.442660 1 0.185063 -0.008620 0.012178 0.014920 0.016540 0.014428 0.021949 -0.061450 0 -0.010940 -0.013329 0.017243 0.549364 0.094828 0.160713 0.097758 0.160000
1.516667 3.069530 0.233781 0.217250 3.067420 0.232701 0.217682 -2.167070 -0.538258 3.289960 0.099827 0.259195 0.947766 0.402893 1 0.223511 0.027330 0.014670 0.031018 0.022290 0.014303 0.026484 -0.046910 0 -0.005963 -0.011601 0.013044 0.596274 0.122158 0.175383 0.120048 0.174303
1.533333 3.134940 0.250731 0.222783 3.112330 0.247528 0.221811 -2.197220 -0.584946 3.330620 0.102965 0.261817 1.120300 0.380281 1 0.202543 0.065410 0.016950 0.067570 0.044910 0.014827 0.047294 -0.030150 0 0.016426 -0.005725 0.017395 0.626424 0.187568 0.192333 0.164958 0.189130
1.550000 3.109120 -0.229806 0.145235 3.109120 -0.229806 0.145235 -0.832508 -0.584946 3.330620 0.102965 0.000000 1.120300 0.380281 0 0.202543 -0.025820 -0.480537 0.481230 -0.003210 -0.477334 0.477345 1.364712 1 nan nan nan 0.738288 0.161748 -0.288204 0.161748 -0.288204
1.566667 3.168510 -0.223463 0.146102 3.168930 -0.224502 0.146101 -0.914646 0.663063 3.371520 -0.066267 0.257069 0.006997 0.033785 1 0.190996 0.059390 0.006343 0.059728 0.059810 0.005304 0.060045 -0.082138 0 0.000678 -0.000365 0.000770 0.656150 0.221138 -0.281861 0.221558 -0.282900
1.583333 3.101860 -0.207213 0.142724 3.124000 -0.212699 0.143308 -0.950208 0.640944 3.334420 -0.055717 0.262533 -0.918015 0.268405 1 0.184642 -0.066650 0.016250 0.068602 -0.044930 0.011803 0.046454 -0.035562 0 -0.018980 0.001170 0.019016 0.620588 0.154488 -0.265611 0.176628 -0.271097
1.600000 3.051590 -0.191980 0.140304 3.070420 -0.197205 0.140568 -0.983874 0.617799 3.286750 -0.043482 0.265386 -1.776260 0.502485 1 0.194564 -0.050270 0.015233 0.052527 -0.053580 0.015494 0.055775 -0.033666 0 -0.014187 -0.001527 0.014269 0.586922 0.104218 -0.250378 0.123048 -0.255603
1.616667 3.016180 -0.177319 0.138649 3.024470 -0.180785 0.138599 -1.022820 0.590110 3.245500 -0.032760 0.266016 -2.052010 0.598026 1 0.179905 -0.035410 0.014661 0.038325 -0.045950 0.016420 0.048796 -0.038946 0 -0.002254 -0.005975 0.006386 0.547976 0.068808 -0.235717 0.077098 -0.239183
1.633333 3.003340 -0.163726 0.137352 2.997860 -0.165159 0.137130 -1.075380 0.553124 3.223750 -0.025690 0.265479 -1.875940 0.585987 1 0.174862 -0.012840 0.013593 0.018699 -0.026610 0.015626 0.030859 -0.052560 0 0.013151 -0.011828 0.017687 0.495416 0.055968 -0.222124 0.050488 -0.223557
1.650000 2.948060 -0.147571 0.135505 2.955070 -0.149562 0.135420 -1.098340 0.518692 3.186030 -0.017720 0.265947 -1.974950 0.577438 1 0.180702 -0.055280 0.016155 0.057592 -0.042790 0.015597 0.045544 -0.022960 0 -0.001157 -0.008825 0.008901 0.472456 0.000688 -0.205969 0.007698 -0.207960
1.666667 2.919470 -0.132795 0.132932 2.919870 -0.134040 0.133120 -1.140670 0.479746 3.155760 -0.011309 0.265909 -1.949870 0.549044 1 0.175572 -0.028590 0.014776 0.032183 -0.035200 0.015522 0.038470 -0.042330 0 0.005398 -0.010606 0.011901 0.430126 -0.027902 -0.191193 -0.027502 -0.192438
1.683333 2.944680 -0.120067 0.134648 2.917790 -0.118836 0.133541 -1.205740 0.430203 3.157740 -0.008731 0.264005 -1.612780 0.486317 1 0.180931 0.025210 0.012728 0.028241 -0.002080 0.015204 0.015346 -0.065070 0 0.033548 -0.017085 0.037648 0.365056 -0.002692 -0.178465 -0.029582 -0.177234
1.700000 2.933370 -0.105174 0.134254 2.912590 -0.103853 0.133501 -1.266640 0.374264 3.156540 -0.008037 0.262089 -1.389190 0.423569 1 0.184247 -0.011310 0.014893 0.018701 -0.005200 0.014983 0.015860 -0.060900 0 0.026889 -0.018645 0.032721 0.304156 -0.014002 -0.163572 -0.034782 -0.162251
1.716667 2.977730 -0.091681 0.137381 2.977730 -0.091681 0.137381 -1.365750 0.374264 3.156540 -0.008037 0.000000 -1.389190 0.423569 0 0.184247 0.044360 0.013493 0.046367 0.065140 0.012172 0.066267 -0.099110 0 nan nan nan 0.205046 0.030358 -0.150079 0.030358 -0.150079
1.733333 2.895220 -0.074745 0.132333 2.895680 -0.075256 0.132338 -1.330560 0.236723 3.148990 -0.014146 0.260576 -0.008312 0.013022 1 0.185359 -0.082510 0.016936 0.084230 -0.082050 0.016425 0.083678 0.035190 0 -0.000677 0.001400 0.001555 0.240236 -0.052152 -0.133143 -0.051692 -0.133654
1.750000 2.902950 -0.059608 0.134289 2.900570 -0.064393 0.133950 -1.405600 0.200136 3.155150 -0.012751 0.259764 0.098658 0.212483 1 0.235388 0.007730 0.015137 0.016997 0.004890 0.010863 0.011913 -0.075040 0 0.004028 -0.004140 0.005776 0.165196 -0.044422 -0.118006 -0.046802 -0.122791
1.766667 2.920040 -0.044690 0.135557 2.914410 -0.049064 0.135428 -1.492540 0.150539 3.170670 -0.010193 0.259190 0.380158 0.391003 1 0.189246 0.017090 0.014918 0.022685 0.013840 0.015329 0.020653 -0.086940 0 0.007767 -0.014235 0.016216 0.078256 -0.027332 -0.103088 -0.032962 -0.107462
1.783333 2.877540 -0.028741 0.133435 2.892460 -0.033169 0.134177 -1.446790 0.137956 3.151850 0.002843 0.261872 -0.150211 0.538051 1 0.177634 -0.042500 0.015949 0.045394 -0.021950 0.015895 0.027101 0.045750 0 -0.014449 0.000806 0.014471 0.124006 -0.069832 -0.087139 -0.054912 -0.091567
1.800000 2.873750 -0.013611 0.133537 2.879810 -0.016807 0.133805 -1.491440 0.113590 3.140590 0.012943 0.262473 -0.300023 0.583341 1 0.183734 -0.003790 0.015130 0.015598 -0.012650 0.016362 0.020682 -0.044650 0 -0.005193 -0.005747 0.007746 0.079356 -0.073622 -0.072009 -0.067562 -0.075205
1.816667 2.860620 0.001782 0.133775 2.866390 -0.000468 0.133834 -1.545640 0.077349 3.128420 0.019840 0.262813 -0.399692 0.566508 1 0.180004 -0.013130 0.015393 0.020232 -0.013420 0.016338 0.021143 -0.054200 0 -0.005070 -0.011447 0.012520 0.025156 -0.086752 -0.056616 -0.080982 -0.058867
1.833333 2.862630 0.017551 0.133848 2.861630 0.016047 0.133887 -1.616440 0.026697 3.124280 0.023061 0.262750 -0.373024 0.509194 1 0.182525 0.002010 0.015769 0.015896 -0.004760 0.016516 0.017188 -0.070800 0 0.000826 -0.017500 0.017519 0.045644 -0.084742 -0.040848 -0.085742 -0.042351
1.850000 2.869220 0.032797 0.135545 2.863110 0.030992 0.135057 -1.581860 0.003630 3.125930 0.031946 0.262823 -0.299440 0.513548 1 0.179332 0.006590 0.015246 0.016609 0.001480 0.014944 0.015017 0.034580 0 0.006097 -0.002057 0.006434 0.011064 -0.078152 -0.025601 -0.084262 -0.027407
1.866667 2.858660 0.048517 0.134344 2.858580 0.046789 0.134670 -1.639780 -0.032224 3.121290 0.038320 0.262848 -0.296040 0.495342 1 0.186481 -0.010560 0.015720 0.018938 -0.004530 0.015797 0.016434 -0.057920 0 -0.000407 -0.007921 0.007931 0.068984 -0.088712 -0.009881 -0.088792 -0.011610
1.883333 2.868310 0.063799 0.135119 2.861630 0.062226 0.135034 -1.660960 -0.064135 3.123970 0.045378 0.262875 -0.239696 0.485248 1 0.163701 0.009650 0.015282 0.018074 0.003050 0.015437 0.015736 -0.021180 0 0.006147 -0.005249 0.008083 0.090164 -0.079062 0.005401 -0.085742 0.003828
1.900000 2.855820 0.078616 0.135356 2.857180 0.077909 0.135320 -1.729880 -0.109443 3.118340 0.049211 0.262734 -0.248992 0.454467 1 0.192486 -0.012490 0.014817 0.019379 -0.004450 0.015683 0.016302 -0.068920 0 -0.003104 -0.012216 0.012604 0.159084 -0.091552 0.020218 -0.090192 0.019510
1.916667 2.880140 0.094084 0.137880 2.867510 0.093061 0.137081 -1.745340 -0.146066 3.127700 0.054783 0.262997 -0.167958 0.439934 1 0.191006 0.024320 0.015468 0.028822 0.010330 0.015153 0.018339 -0.015460 0 0.011441 -0.006370 0.013095 0.174544 -0.067232 0.035686 -0.079862 0.034663
1.933333 2.874040 0.108662 0.138294 2.870260 0.108298 0.138005 -1.804130 -0.190660 3.128410 0.058473 0.262916 -0.147621 0.417102 1 0.189869 -0.006100 0.014578 0.015803 0.002750 0.015237 0.015483 -0.058790 0 0.001421 -0.010603 0.010698 0.233334 -0.073332 0.050264 -0.077112 0.049900
1.950000 2.886000 0.123623 0.139967 2.877940 0.123226 0.139434 -1.839930 -0.233373 3.133930 0.062377 0.263123 -0.106698 0.399055 1 0.180471 0.011960 0.014961 0.019154 0.007680 0.014928 0.016788 -0.035800 0 0.005721 -0.008717 0.010427 0.269134 -0.061372 0.065225 -0.069432 0.064828
1.966667 2.883350 0.137741 0.140325 2.881060 0.138038 0.140193 -1.898920 -0.282030 3.133520 0.064887 0.262843 -0.098994 0.376806 1 0.182169 -0.002650 0.014118 0.014365 0.003120 0.014812 0.015137 -0.058990 0 -0.001350 -0.011852 0.011929 0.328124 -0.064022 0.079343 -0.066312 0.079640
1.983333 2.955010 0.155128 0.145060 2.918070 0.152691 0.143539 -1.893540 -0.315246 3.171340 0.070095 0.266396 0.071547 0.369598 1 0.180890 0.071660 0.017387 0.073739 0.037010 0.014653 0.039805 0.005380 0 0.036312 0.000540 0.036316 0.322744 0.007638 0.096730 -0.029302 0.094293
2.000000 2.966220 0.169672 0.146158 2.943810 0.167636 0.145500 -1.941680 -0.353078 3.195610 0.074844 0.268348 0.166816 0.362176 1 0.177784 0.011210 0.014544 0.018363 0.025740 0.014945 0.029764 -0.048140 0 0.020712 -0.002432 0.020855 0.370884 0.018848 0.111274 -0.003562 0.109238
2.016667 2.988600 0.184408 0.147981 2.968830 0.182563 0.147402 -1.985970 -0.393333 3.218390 0.079006 0.270192 0.245300 0.353400 1 0.189283 0.022380 0.014736 0.026796 0.025020 0.014927 0.029134 -0.044290 0 0.017448 -0.003580 0.017812 0.415174 0.041228 0.126010 0.021458 0.124165
2.033333 2.970500 0.196237 0.148227 2.973930 0.196965 0.148261 -2.054040 -0.441852 3.217290 0.081843 0.269220 0.226965 0.340400 1 0.180745 -0.018100 0.011829 0.021623 0.005100 0.014402 0.015278 -0.068070 0 -0.008398 -0.010700 0.013602 0.483244 0.023128 0.137839 0.026558 0.138567
2.050000 2.999310 0.210691 0.150448 2.990580 0.210861 0.149995 -2.094350 -0.489040 3.228910 0.084031 0.269977 0.255012 0.326284 1 0.190498 0.028810 0.014454 0.032233 0.016650 0.013896 0.021687 -0.040310 0 0.004213 -0.008318 0.009324 0.523554 0.051938 0.152293 0.043208 0.152463
2.066667 3.070130 0.227677 0.155838 3.033560 0.224993 0.154101 -2.119370 -0.531424 3.271820 0.084935 0.276378 0.384072 0.309360 1 0.187775 0.070820 0.016986 0.072829 0.042980 0.014132 0.045244 -0.025020 0 0.034135 -0.001381 0.034163 0.548574 0.122758 0.169279 0.086188 0.166595
2.083333 3.068280 0.239363 0.156301 3.056420 0.238733 0.155934 -2.173550 -0.576625 3.289600 0.087081 0.278159 0.421136 0.298479 1 0.206391 -0.001850 0.011686 0.011832 0.022860 0.013740 0.026671 -0.054180 0 0.007821 -0.005410 0.009510 0.602754 0.120908 0.180965 0.109048 0.180335
2.100000 3.053350 0.249373 0.156386 3.061990 0.251421 0.156660 -2.233090 -0.625452 3.285270 0.090176 0.275413 0.386641 0.291081 1 0.188982 -0.014930 0.010010 0.017975 0.005570 0.012688 0.013857 -0.059540 0 -0.014734 -0.010162 0.017898 0.662294 0.105978 0.190975 0.114618 0.193023
2.116667 3.144700 0.267360 0.162300 3.107980 0.264658 0.160703 -2.259700 -0.670868 3.330330 0.088186 0.283870 0.501817 0.269741 1 0.186848 0.091350 0.017987 0.093104 0.045990 0.013237 0.047857 -0.026610 0 0.033502 -0.001280 0.033526 0.688904 0.197328 0.208962 0.160608 0.206260
2.133333 3.085180 0.272469 0.159903 3.105680 0.276108 0.160678 -2.328290 -0.719983 3.314300 0.093137 0.277492 0.431862 0.269111 1 0.204469 -0.059520 0.005109 0.059739 -0.002300 0.011450 0.011679 -0.068590 0 -0.027505 -0.011333 0.029749 0.757494 0.137808 0.214071 0.158308 0.217710
2.150000 0.000000 0.000000 1.000000 0.000000 0.000000 1.000000 -2.328290 -0.719983 3.314300 0.093137 0.277492 0.431862 0.269111 0 0.204469 -3.085180 -0.272469 3.097188 -3.105680 -0.276108 3.117929 0.000000 1 -3.112685 -0.283802 3.125597 0.757494 -2.947372 -0.058398 -2.947372 -0.058398
2.166667 2.976810 -0.183921 0.194276 2.976810 -0.183921 0.194276 -1.022810 -0.719983 3.314300 0.093137 0.000000 0.431862 0.269111 0 0.204469 2.976810 -0.183921 2.982486 2.976810 -0.183921 2.982486 1.305480 1 nan nan nan 0.547986 0.029438 -0.242319 0.029438 -0.242319
2.183333 3.009210 -0.173057 0.196385 3.009570 -0.173948 0.196383 -1.092810 0.483801 3.238140 -0.053848 0.258198 0.003932 0.026499 1 0.177725 0.032400 0.010864 0.034173 0.032760 0.009973 0.034244 -0.070000 0 0.000330 -0.000440 0.000550 0.477986 0.061838 -0.231455 0.062198 -0.232346
2.200000 2.973060 -0.157508 0.194076 2.985130 -0.162677 0.194476 -1.127880 0.462642 3.218710 -0.046178 0.261025 -0.498637 0.245407 1 0.179788 -0.036150 0.015549 0.039352 -0.024440 0.011271 0.026914 -0.035070 0 -0.009812 0.000539 0.009827 0.442916 0.025688 -0.215906 0.037758 -0.221075
2.216667 2.973720 -0.143707 0.195159 2.974650 -0.148057 0.194817 -1.182770 0.432011 3.211810 -0.038716 0.261147 -0.533747 0.432542 1 0.187558 0.000660 0.013801 0.013817 -0.010480 0.014620 0.017988 -0.054890 0 0.003643 -0.006183 0.007176 0.388026 0.026348 -0.202105 0.027278 -0.206455
2.233333 2.929060 -0.127398 0.192426 2.941650 -0.131571 0.192879 -1.206020 0.405137 3.182990 -0.028070 0.262595 -0.969219 0.552069 1 0.193889 -0.044660 0.016309 0.047545 -0.033000 0.016486 0.036889 -0.023250 0 -0.008613 -0.005649 0.010300 0.364776 -0.018312 -0.185796 -0.005722 -0.189969
2.250000 2.951080 -0.113949 0.193903 2.941160 -0.115548 0.193375 -1.286110 0.358895 3.186160 -0.023639 0.261671 -0.680271 0.524862 1 0.189824 0.022020 0.013449 0.025802 -0.000490 0.016023 0.016030 -0.080090 0 0.016059 -0.016818 0.023254 0.284686 0.003708 -0.172347 -0.006212 -0.173946
2.266667 2.903600 -0.097579 0.190107 2.913960 -0.099795 0.190891 -1.313160 0.316473 3.163450 -0.018092 0.262529 -0.845556 0.503338 1 0.184940 -0.047480 0.016370 0.050223 -0.027200 0.015753 0.031432 -0.027050 0 -0.005986 -0.012596 0.013946 0.257636 -0.043772 -0.155977 -0.033412 -0.158193
2.283333 2.940310 -0.083499 0.194310 2.940310 -0.083499 0.194310 -1.426960 0.316473 3.163450 -0.018092 0.000000 -0.845556 0.503338 0 0.184940 0.036710 0.014080 0.039318 0.026350 0.016296 0.030982 -0.113800 0 nan nan nan 0.143836 -0.007062 -0.141898 -0.007062 -0.141898
2.300000 2.919420 -0.066998 0.193302 2.919980 -0.067232 0.193303 -1.494210 0.082454 3.179180 -0.045811 0.260079 -0.001841 0.007481 1 0.189822 -0.020890 0.016502 0.026621 -0.020330 0.016268 0.026037 -0.067250 0 -0.000443 -0.001287 0.001361 0.076586 -0.027952 -0.125396 -0.027392 -0.125630
2.316667 2.889660 -0.051347 0.192208 2.899520 -0.056821 0.192397 -1.465130 0.094141 3.160700 -0.032161 0.262344 -0.412710 0.235393 1 0.186272 -0.029760 0.015651 0.033625 -0.020460 0.010410 0.022956 0.029080 0 -0.010159 0.008483 0.013236 0.105666 -0.057712 -0.109745 -0.047852 -0.115220
2.333333 2.874140 -0.035383 0.189756 2.880240 -0.041217 0.190160 -1.495690 0.086208 3.142230 -0.018575 0.262972 -0.692818 0.499791 1 0.141829 -0.015520 0.015963 0.022264 -0.019280 0.015604 0.024803 -0.030560 0 -0.005859 0.002924 0.006549 0.075106 -0.073232 -0.093781 -0.067132 -0.099615
2.350000 2.833860 -0.019349 0.187465 2.845900 -0.023914 0.187789 -1.517800 0.073425 3.109230 -0.004545 0.264040 -1.122900 0.646044 1 0.294021 -0.040280 0.016034 0.043354 -0.034340 0.017303 0.038453 -0.022110 0 -0.011701 -0.000817 0.011729 0.052996 -0.113512 -0.077747 -0.101472 -0.082313
2.366667 2.860240 -0.003744 0.191085 2.847840 -0.007243 0.189758 -1.497230 0.072260 3.110330 0.011758 0.263173 -0.802817 0.735546 1 0.197013 0.026380 0.015605 0.030650 0.001940 0.016672 0.016784 0.020570 0 0.012371 0.003841 0.012954 0.073566 -0.087132 -0.062142 -0.099532 -0.065641
2.383333 2.838810 0.011880 0.188964 2.838810 0.011880 0.188964 -1.589550 0.072260 3.110330 0.011758 0.000000 -0.802817 0.735546 0 0.197013 -0.021430 0.015624 0.026521 -0.009030 0.019123 0.021148 -0.092320 0 nan nan nan 0.018754 -0.108562 -0.046518 -0.108562 -0.046518
2.400000 2.854740 0.027983 0.191043 2.855130 0.027906 0.191041 -1.524270 0.040598 3.114750 0.038452 0.259837 0.001596 0.002165 1 0.288204 0.015930 0.016103 0.022651 0.016320 0.016026 0.022873 0.065280 0 -0.000454 0.001615 0.001678 0.046526 -0.092632 -0.030415 -0.092242 -0.030492
2.416667 2.855050 0.043942 0.192503 2.855050 0.043942 0.192503 -1.637300 0.040598 3.114750 0.038452 0.000000 0.001596 0.002165 0 0.288204 0.000310 0.015959 0.015962 -0.000080 0.016035 0.016035 -0.113030 0 nan nan nan 0.066504 -0.092322 -0.014457 -0.092322 -0.014457
2.433333 2.887140 0.060010 0.193792 2.887600 0.060011 0.193791 -1.563170 0.000953 3.147260 0.060258 0.259657 0.003271 -0.000096 1 0.189007 0.032090 0.016068 0.035888 0.032550 0.016069 0.036300 0.074130 0 -0.000471 0.001732 0.001795 0.007626 -0.060232 0.001611 -0.059772 0.001612
2.450000 2.883540 0.075766 0.194124 2.883540 0.075766 0.194124 -1.682430 0.000953 3.147260 0.060258 0.000000 0.003271 -0.000096 0 0.189007 -0.003600 0.015756 0.016162 -0.004060 0.015755 0.016270 -0.119260 0 nan nan nan 0.111634 -0.063832 0.017368 -0.063832 0.017368
2.466667 2.926160 0.092579 0.198757 2.926130 0.092712 0.198752 -1.647150 -0.079466 3.184830 0.072111 0.259515 0.004282 -0.003255 1 0.202422 0.042620 0.016814 0.045817 0.042590 0.016946 0.045837 0.035280 0 0.000089 0.000673 0.000679 0.076354 -0.021212 0.034181 -0.021242 0.034313
2.483333 2.917760 0.107598 0.198614 2.917760 0.107598 0.198614 -1.745450 -0.079466 3.184830 0.072111 0.000000 0.004282 -0.003255 0 0.202422 -0.008400 0.015019 0.017208 -0.008370 0.014886 0.017078 -0.098300 0 nan nan nan 0.174654 -0.029612 0.049200 -0.029612 0.049200
2.500000 2.919520 0.123066 0.199647 2.919970 0.123327 0.199646 -1.810770 -0.233889 3.172740 0.063104 0.259848 -0.000106 -0.008949 1 0.201255 0.001760 0.015468 0.015568 0.002210 0.015729 0.015883 -0.065320 0 -0.000818 -0.001798 0.001976 0.239974 -0.027852 0.064668 -0.027402 0.064929
2.516667 2.938900 0.138781 0.201747 2.932910 0.133723 0.201384 -1.850460 -0.257627 3.184510 0.067433 0.260178 0.252876 0.201370 1 0.189720 0.019380 0.015715 0.024951 0.012940 0.010396 0.016599 -0.039690 0 0.004460 -0.000470 0.004484 0.279664 -0.008472 0.080383 -0.014462 0.075325
2.533333 2.934360 0.153466 0.200927 2.935620 0.148581 0.201207 -1.910650 -0.291271 3.185440 0.073685 0.260809 0.193979 0.409323 1 0.187078 -0.004540 0.014685 0.015371 0.002710 0.014858 0.015103 -0.060190 0 -0.005188 -0.007160 0.008842 0.339854 -0.013012 0.095068 -0.011752 0.090183
2.550000 2.949210 0.168430 0.202582 2.946110 0.164699 0.202371 -1.959260 -0.329003 3.192950 0.080423 0.260834 0.294568 0.496046 1 0.177258 0.014850 0.014964 0.021082 0.010490 0.016118 0.019231 -0.048610 0 -0.002340 -0.010789 0.011040 0.388464 0.001838 0.110032 -0.001262 0.106301
2.566667 2.976040 0.183616 0.206571 2.967250 0.180583 0.205636 -1.997650 -0.368341 3.210420 0.086728 0.260656 0.504369 0.510939 1 0.184407 0.026830 0.015186 0.030830 0.021140 0.015884 0.026442 -0.038390 0 0.002888 -0.011026 0.011398 0.426854 0.028668 0.125218 0.019878 0.122185
2.583333 3.009100 0.199027 0.209950 2.996380 0.196237 0.209094 -2.037120 -0.410063 3.235420 0.092325 0.260647 0.726286 0.496270 1 0.244875 0.033060 0.015411 0.036476 0.029130 0.015654 0.033070 -0.039470 0 0.006497 -0.010486 0.012336 0.466324 0.061728 0.140629 0.049008 0.137839
2.600000 3.036130 0.213962 0.213230 3.025420 0.211580 0.212516 -2.084160 -0.455955 3.259640 0.096714 0.260868 0.861423 0.464665 1 0.192246 0.027030 0.014935 0.030882 0.029040 0.015343 0.032844 -0.047040 0 0.003731 -0.010867 0.011490 0.513364 0.088758 0.155564 0.078048 0.153182
2.616667 3.019240 0.225380 0.212536 3.030220 0.225432 0.213197 -2.148500 -0.509756 3.257320 0.098471 0.260185 0.709010 0.407606 1 0.178420 -0.016890 0.011418 0.020387 0.004800 0.013852 0.014660 -0.064340 0 -0.020118 -0.015178 0.025202 0.577704 0.071868 0.166982 0.082848 0.167034
2.633333 3.088400 0.243035 0.217398 3.068770 0.240168 0.216639 -2.179220 -0.559034 3.290810 0.101257 0.261915 0.881366 0.378042 1 0.188287 0.069160 0.017655 0.071378 0.038550 0.014736 0.041270 -0.030720 0 0.012504 -0.007926 0.014805 0.608424 0.141028 0.184637 0.121398 0.181770
2.650000 3.130310 0.257753 0.222134 3.110190 0.254733 0.221000 -2.222240 -0.607830 3.326930 0.103950 0.264028 1.031790 0.353750 1 0.188185 0.041910 0.014718 0.044419 0.041420 0.014565 0.043906 -0.043020 0 0.013338 -0.006286 0.014745 0.651444 0.182938 0.199355 0.162818 0.196335
2.666667 3.167820 0.272050 0.225441 3.150710 0.269123 0.224738 -2.268300 -0.656892 3.361410 0.106643 0.266073 1.140550 0.333552 1 0.196112 0.037510 0.014297 0.040142 0.040520 0.014390 0.042999 -0.046060 0 0.010341 -0.005493 0.011710 0.697504 0.220448 0.213652 0.203338 0.210725
2.683333 3.197170 0.285231 0.228159 3.186490 0.282985 0.227848 -2.313570 -0.705423 3.390130 0.109569 0.267470 1.195950 0.317379 1 0.188891 0.029350 0.013181 0.032174 0.035780 0.013862 0.038371 -0.045270 0 0.004057 -0.005237 0.006625 0.742774 0.249798 0.226833 0.239118 0.224587
2.700000 3.081580 0.284822 0.220808 3.148310 0.292759 0.224121 -2.398310 -0.762013 3.333810 0.115733 0.256419 0.794763 0.305717 1 0.190233 -0.115590 -0.000409 0.115591 -0.038180 0.009774 0.039411 -0.084740 1 -0.078709 -0.019700 0.081137 0.827514 0.134208 0.226424 0.200938 0.234361
2.716667 2.953330 -0.181238 0.133834 2.953330 -0.181238 0.133834 -0.978826 -0.762013 3.333810 0.115733 0.000000 0.794763 0.305717 0 0.190233 -0.128250 -0.466060 0.483384 -0.194980 -0.473997 0.512533 1.419484 1 nan nan nan 0.591970 0.005958 -0.239636 0.005958 -0.239636
2.733333 2.954830 -0.169009 0.132468 2.955090 -0.170081 0.132469 -1.029590 0.545218 3.175890 -0.036155 0.258244 0.000679 0.028958 1 0.173645 0.001500 0.012229 0.012321 0.001760 0.011157 0.011295 -0.050764 0 0.000278 0.000186 0.000334 0.541206 0.007458 -0.227407 0.007718 -0.228479
2.750000 2.938920 -0.155217 0.132067 2.944300 -0.159750 0.132136 -1.075250 0.519611 3.169420 -0.030974 0.259345 -0.221066 0.220655 1 0.185924 -0.015910 0.013792 0.021056 -0.010790 0.010331 0.014938 -0.045660 0 -0.002352 -0.000921 0.002526 0.495546 -0.008452 -0.213615 -0.003072 -0.218148
2.766667 2.899440 -0.139722 0.131137 2.912990 -0.144881 0.131290 -1.108510 0.495531 3.143040 -0.020537 0.261502 -0.836594 0.450816 1 0.182557 -0.039480 0.015495 0.042412 -0.031310 0.014869 0.034661 -0.033260 0 -0.009547 -0.002556 0.009883 0.462286 -0.047932 -0.198120 -0.034382 -0.203279
2.783333 2.938190 -0.127608 0.132024 2.924300 -0.129707 0.131739 -1.190700 0.451938 3.158010 -0.016253 0.259793 -0.309077 0.478375 1 0.178586 0.038750 0.012114 0.040599 0.011310 0.015174 0.018925 -0.082190 0 0.021431 -0.014970 0.026142 0.380096 -0.009182 -0.186006 -0.023072 -0.188105
2.800000 2.931870 -0.113138 0.131629 2.926760 -0.114726 0.131612 -1.247800 0.401824 3.165290 -0.013362 0.259179 -0.136148 0.448712 1 0.180457 -0.006320 0.014470 0.015790 0.002460 0.014981 0.015182 -0.057100 0 0.012356 -0.017510 0.021431 0.322996 -0.015502 -0.171536 -0.020612 -0.173124
2.816667 2.895540 -0.097152 0.130777 2.906930 -0.099689 0.130973 -1.266770 0.359673 3.150710 -0.008018 0.260453 -0.318463 0.437731 1 0.191523 -0.036330 0.015986 0.039692 -0.019830 0.015037 0.024886 -0.018970 0 -0.006662 -0.011163 0.013000 0.304026 -0.051832 -0.155550 -0.040442 -0.158087
2.833333 2.875100 -0.081871 0.128820 2.886020 -0.084469 0.129401 -1.300480 0.318314 3.134270 -0.002667 0.261375 -0.451028 0.424192 1 0.187162 -0.020440 0.015281 0.025521 -0.020910 0.015221 0.025863 -0.033710 0 -0.007286 -0.009407 0.011899 0.270316 -0.072272 -0.140269 -0.061352 -0.142867
2.850000 2.896900 -0.067234 0.131936 2.888110 -0.068683 0.130971 -1.366620 0.266501 3.139710 0.000002 0.260805 -0.325608 0.384486 1 0.316348 0.021800 0.014637 0.026258 0.002090 0.015785 0.015923 -0.066140 0 0.012578 -0.014354 0.019085 0.204176 -0.050472 -0.125632 -0.059262 -0.127081
2.866667 2.916450 -0.052049 0.133223 2.916450 -0.052049 0.133223 -1.470750 0.266501 3.139710 0.000002 0.000000 -0.325608 0.384486 0 0.316348 0.019550 0.015185 0.024754 0.028340 0.016634 0.032861 -0.104130 0 nan nan nan 0.100046 -0.030922 -0.110447 -0.030922 -0.110447
2.883333 2.885820 -0.035684 0.131385 2.886140 -0.035889 0.131387 -1.513430 0.061065 3.145900 -0.020007 0.260244 -0.002920 0.005789 1 0.194622 -0.030630 0.016365 0.034728 -0.030310 0.016160 0.034349 -0.042680 0 -0.000264 -0.000756 0.000801 0.057366 -0.061552 -0.094082 -0.061232 -0.094287
2.900000 2.858140 -0.020735 0.130340 2.867320 -0.026227 0.130520 -1.447420 0.092649 3.128200 -0.001987 0.262007 -0.380809 0.233974 1 0.185749 -0.027680 0.014949 0.031459 -0.018820 0.009661 0.021155 0.066010 0 -0.010045 0.013496 0.016823 0.123376 -0.089232 -0.079133 -0.080052 -0.084625
2.916667 2.847980 -0.005049 0.129374 2.847980 -0.005049 0.129374 -1.597960 0.092649 3.128200 -0.001987 0.000000 -0.380809 0.233974 0 0.185749 -0.010160 0.015686 0.018689 -0.019340 0.021178 0.028680 -0.150540 0 nan nan nan 0.027164 -0.099392 -0.063447 -0.099392 -0.063447
2.933333 2.867440 0.010504 0.133611 2.867760 0.010449 0.133606 -1.536890 0.028372 3.127450 0.017819 0.259799 0.001954 0.001577 1 0.186023 0.019460 0.015554 0.024912 0.019780 0.015498 0.025128 0.061070 0 -0.000360 0.001493 0.001535 0.033906 -0.079932 -0.047894 -0.079612 -0.047949
2.950000 2.852870 0.026501 0.129316 2.857720 0.021427 0.130059 -1.601990 -0.002248 3.117390 0.020844 0.259669 -0.195921 0.212724 1 0.226634 -0.014570 0.015997 0.021637 -0.010040 0.010978 0.014877 -0.065100 0 -0.004977 -0.002442 0.005544 0.031194 -0.094502 -0.031897 -0.089652 -0.036971
2.966667 2.850830 0.041639 0.133639 2.852220 0.036696 0.132561 -1.654020 -0.035424 3.112280 0.027480 0.260231 -0.248511 0.424471 1 0.135066 -0.002040 0.015138 0.015275 -0.005500 0.015269 0.016229 -0.052030 0 -0.002120 -0.007473 0.007768 0.083224 -0.096542 -0.016759 -0.095152 -0.021702
2.983333 2.877450 0.057650 0.133613 2.867310 0.052952 0.133371 -1.610730 -0.039342 3.127010 0.042730 0.259903 0.115746 0.590748 1 0.125654 0.026620 0.016011 0.031064 0.015090 0.016256 0.022180 0.043290 0 0.010136 0.004544 0.011108 0.039934 -0.069922 -0.000748 -0.080062 -0.005446
3.000000 2.859000 0.072865 0.134174 2.859000 0.072865 0.134174 -1.728630 -0.039342 3.127010 0.042730 0.000000 0.115746 0.590748 0 0.125654 -0.018450 0.015215 0.023914 -0.008310 0.019913 0.021577 -0.117900 0 nan nan nan 0.157834 -0.088372 0.014467 -0.088372 0.014467
3.016667 2.839310 0.087496 0.133644 2.839950 0.087736 0.133645 -1.800920 -0.223413 3.093580 0.030110 0.260092 -0.002215 -0.008345 1 0.134211 -0.019690 0.014631 0.024531 -0.019050 0.014871 0.024167 -0.072290 0 -0.001034 -0.001940 0.002199 0.230124 -0.108062 0.029098 -0.107422 0.029338
3.033333 2.886200 0.103928 0.137061 2.871000 0.098260 0.136470 -1.776700 -0.215177 3.124760 0.042797 0.259752 0.633182 0.228603 1 0.140706 0.046890 0.016432 0.049686 0.031050 0.010524 0.032785 0.024220 0 0.015705 0.008024 0.017636 0.205904 -0.061172 0.045530 -0.076372 0.039861
3.050000 2.912160 0.127381 0.139367 2.902130 0.119014 0.139127 -1.831080 -0.233811 3.153680 0.059102 0.258590 1.090500 0.603338 1 0.135114 0.025960 0.023453 0.034985 0.031130 0.020754 0.037414 -0.054380 0 0.008360 0.001729 0.008537 0.260284 -0.035212 0.068983 -0.045242 0.060616
3.066667 2.894020 0.141088 0.138685 2.903530 0.137798 0.139280 -1.909840 -0.273180 3.153440 0.067778 0.259529 0.742368 0.671848 1 0.136098 -0.018140 0.013707 0.022736 0.001400 0.018784 0.018836 -0.078760 0 -0.014665 -0.013006 0.019602 0.339044 -0.053352 0.082690 -0.043842 0.079400
3.083333 2.888760 0.154788 0.140361 2.899710 0.154011 0.140459 -1.966210 -0.319760 3.146520 0.072288 0.259984 0.445961 0.618555 1 0.108608 -0.005260 0.013700 0.014675 -0.003820 0.016213 0.016657 -0.056370 0 -0.017837 -0.017643 0.025089 0.395414 -0.058612 0.096390 -0.047662 0.095613
3.100000 2.902580 0.169360 0.141196 2.905420 0.169042 0.141382 -2.009200 -0.367969 3.147920 0.075551 0.259899 0.373994 0.549933 1 0.140072 0.013820 0.014572 0.020083 0.005710 0.015031 0.016079 -0.042990 0 -0.010020 -0.016516 0.019318 0.438404 -0.044792 0.110962 -0.041952 0.110644
3.116667 2.932910 0.184421 0.143705 2.924990 0.183683 0.143385 -2.047180 -0.415671 3.162900 0.078674 0.260051 0.471207 0.493582 1 0.141988 0.030330 0.015061 0.033864 0.019570 0.014641 0.024441 -0.037980 0 0.001107 -0.013504 0.013549 0.476384 -0.014462 0.126023 -0.022382 0.125285
3.133333 2.946660 0.198196 0.145647 2.941970 0.197764 0.145375 -2.091360 -0.464326 3.174550 0.081277 0.260120 0.507827 0.442765 1 0.198461 0.013750 0.013775 0.019463 0.016980 0.014081 0.022059 -0.044180 0 -0.002226 -0.012456 0.012654 0.520564 -0.000712 0.139798 -0.005402 0.139366
3.150000 2.980860 0.213266 0.147719 2.968480 0.211936 0.147442 -2.127080 -0.510701 3.196140 0.084385 0.260954 0.612913 0.408584 1 0.131848 0.034200 0.015070 0.037373 0.026510 0.014172 0.030060 -0.035720 0 0.006328 -0.008911 0.010930 0.556284 0.033488 0.154868 0.021108 0.153538
3.166667 2.982710 0.225282 0.149583 2.983010 0.225348 0.149394 -2.185870 -0.562279 3.203500 0.086410 0.260616 0.593371 0.370164 1 0.148097 0.001850 0.012016 0.012158 0.014530 0.013412 0.019774 -0.058790 0 -0.007937 -0.011508 0.013980 0.615074 0.035338 0.166884 0.035638 0.166950
3.183333 2.906540 0.230968 0.146138 2.951450 0.236253 0.147784 -2.265090 -0.622443 3.158210 0.087882 0.254487 0.247092 0.325571 1 0.139275 -0.076170 0.005686 0.076382 -0.031560 0.010905 0.033391 -0.079220 0 -0.056095 -0.019745 0.059469 0.694294 -0.040832 0.172570 0.004078 0.177855
3.200000 3.021560 0.250970 0.152845 2.991710 0.248771 0.151549 -2.276880 -0.671692 3.194580 0.087490 0.259165 0.427803 0.293650 1 0.192009 0.115020 0.020002 0.116746 0.040260 0.012518 0.042161 -0.011790 1 0.024181 -0.004681 0.024630 0.706084 0.074188 0.192572 0.044338 0.190373
3.216667 3.056030 0.264204 0.155744 3.030370 0.261476 0.154821 -2.317900 -0.719055 3.228520 0.088018 0.263344 0.566745 0.272084 1 0.186304 0.034470 0.013234 0.036923 0.038660 0.012705 0.040694 -0.041020 0 0.020715 -0.002761 0.020898 0.747104 0.108658 0.205806 0.082998 0.203078
3.233333 3.013220 0.270290 0.154503 3.030440 0.272478 0.155197 -2.383690 -0.770546 3.216930 0.091452 0.259899 0.464903 0.260916 1 0.194673 -0.042810 0.006086 0.043240 0.000070 0.011002 0.011002 -0.065790 0 -0.025056 -0.009921 0.026948 0.812894 0.065848 0.211892 0.083068 0.214080
3.250000 3.066430 0.284188 0.158164 3.055740 0.283569 0.157675 -2.424630 -0.821175 3.233970 0.092106 0.261581 0.506720 0.242956 1 0.188009 0.053210 0.013898 0.054995 0.025300 0.011091 0.027624 -0.040940 0 0.004344 -0.005099 0.006698 0.853834 0.119058 0.225790 0.108368 0.225171
3.266667 3.006880 -0.179203 0.198552 3.006880 -0.179203 0.198552 -1.050230 -0.821175 3.233970 0.092106 0.000000 0.506720 0.242956 0 0.188009 -0.059550 -0.463391 0.467202 -0.048860 -0.462772 0.465344 1.374400 1 nan nan nan 0.520566 0.059508 -0.237601 0.059508 -0.237601
3.283333 3.058670 -0.168873 0.202721 3.059210 -0.169612 0.202716 -1.136700 0.441443 3.292620 -0.059317 0.258154 0.006006 0.024871 1 0.192711 0.051790 0.010330 0.052810 0.052330 0.009591 0.053202 -0.086470 0 0.000260 -0.000979 0.001013 0.434096 0.111298 -0.227271 0.111838 -0.228010
3.300000 3.029250 -0.153889 0.198516 3.039230 -0.158645 0.199244 -1.184610 0.413012 3.278170 -0.053934 0.260885 -0.407601 0.227830 1 0.181145 -0.029420 0.014984 0.033016 -0.019980 0.010967 0.022792 -0.047910 0 -0.007249 -0.001690 0.007443 0.386186 0.081878 -0.212287 0.091858 -0.217043
